Region,Codigo region,Comuna,Codigo comuna,Poblacion,202007,202008,202009,202010,202011,202012,202013,202014,202015,202016,202017,202018,202019,202020,202021,202022,202023,202024,202025,202026,202027,202028,202029,202030,202031,202032,202033,202034,202035,202036,202037,202038,202039,202040,202041,202042,202043,202044,202045,202046,202047
Arica y Parinacota,15,Arica,15101,247552.0,0,0.0,1.0,2.0,1.0,2.0,23.0,70.0,67.0,54.0,69.0,51.0,45.0,89.0,148.0,196.0,276.0,270.0,295.0,350.0,445.0,682.0,788.0,760.0,594.0,590.0,453.0,424.0,412.0,350.0,333.0,300.0,412.0,402.0,323.0,304.0,263.0,205.0,204.0,110.0,0.0
Arica y Parinacota,15,Camarones,15102,1233.0,0,0.0,0.0,0.0,0.0,0.0,0.0,0.0,0.0,0.0,0.0,0.0,0.0,0.0,0.0,0.0,0.0,0.0,0.0,0.0,1.0,12.0,2.0,4.0,5.0,0.0,1.0,0.0,1.0,1.0,0.0,0.0,0.0,1.0,0.0,0.0,0.0,0.0,0.0,0.0,0.0
Arica y Parinacota,15,General Lagos,15202,810.0,0,0.0,0.0,0.0,0.0,0.0,0.0,0.0,0.0,0.0,0.0,0.0,0.0,0.0,0.0,0.0,0.0,0.0,0.0,0.0,0.0,0.0,1.0,1.0,15.0,36.0,7.0,2.0,0.0,2.0,0.0,0.0,0.0,0.0,0.0,0.0,0.0,0.0,0.0,0.0,0.0
Arica y Parinacota,15,Putre,15201,2515.0,0,0.0,0.0,0.0,0.0,0.0,0.0,0.0,0.0,0.0,0.0,0.0,0.0,0.0,0.0,0.0,1.0,9.0,0.0,0.0,7.0,10.0,8.0,1.0,9.0,2.0,1.0,1.0,6.0,4.0,2.0,3.0,3.0,3.0,0.0,1.0,1.0,0.0,0.0,0.0,0.0
Arica y Parinacota,15,Desconocido Arica y Parinacota,,,0,0.0,0.0,0.0,0.0,0.0,0.0,0.0,0.0,0.0,0.0,0.0,0.0,0.0,0.0,0.0,0.0,0.0,0.0,0.0,0.0,0.0,1.0,1.0,1.0,8.0,0.0,2.0,0.0,1.0,2.0,4.0,3.0,2.0,2.0,0.0,0.0,3.0,1.0,3.0,0.0
Arica y Parinacota,15,Total,,252110.0,0.0,0.0,1.0,2.0,1.0,2.0,23.0,70.0,67.0,54.0,69.0,51.0,45.0,89.0,148.0,196.0,277.0,279.0,295.0,350.0,453.0,704.0,800.0,767.0,624.0,636.0,462.0,429.0,419.0,358.0,337.0,307.0,418.0,408.0,325.0,305.0,264.0,208.0,205.0,113.0,0.0
,,,,,,,,,,,,,,,,,,,,,,,,,,,,,,,,,,,,,,,,,,,,,
Tarapaca,01,Alto Hospicio,01107,129999.0,0,0.0,0.0,0.0,0.0,3.0,5.0,6.0,14.0,24.0,39.0,113.0,141.0,270.0,319.0,318.0,259.0,206.0,162.0,175.0,118.0,110.0,113.0,139.0,179.0,163.0,221.0,154.0,161.0,139.0,115.0,76.0,96.0,82.0,79.0,93.0,101.0,67.0,92.0,48.0,0.0
Tarapaca,01,Camina,01402,1375.0,0,0.0,0.0,0.0,0.0,0.0,0.0,0.0,0.0,0.0,0.0,0.0,0.0,0.0,3.0,9.0,4.0,2.0,4.0,7.0,3.0,6.0,2.0,3.0,1.0,3.0,11.0,1.0,0.0,0.0,1.0,0.0,1.0,2.0,2.0,2.0,0.0,1.0,3.0,1.0,0.0
Tarapaca,01,Colchane,01403,1583.0,0,0.0,0.0,0.0,0.0,0.0,0.0,0.0,0.0,0.0,0.0,0.0,0.0,0.0,2.0,1.0,9.0,17.0,15.0,15.0,10.0,8.0,3.0,11.0,2.0,2.0,1.0,1.0,1.0,0.0,0.0,0.0,0.0,0.0,0.0,0.0,0.0,3.0,1.0,0.0,0.0
Tarapaca,01,Huara,01404,3000.0,0,0.0,0.0,0.0,0.0,0.0,0.0,0.0,0.0,0.0,2.0,8.0,2.0,10.0,7.0,9.0,11.0,6.0,9.0,12.0,16.0,21.0,15.0,8.0,3.0,6.0,7.0,4.0,8.0,0.0,2.0,0.0,2.0,1.0,1.0,1.0,3.0,2.0,12.0,0.0,0.0
Tarapaca,01,Iquique,01101,223463.0,0,0.0,0.0,0.0,0.0,9.0,7.0,15.0,11.0,20.0,42.0,102.0,257.0,403.0,502.0,463.0,445.0,464.0,422.0,350.0,337.0,289.0,281.0,365.0,321.0,322.0,276.0,264.0,229.0,198.0,206.0,163.0,146.0,182.0,136.0,158.0,209.0,178.0,188.0,101.0,0.0
Tarapaca,01,Pica,01405,5958.0,0,0.0,0.0,0.0,0.0,0.0,1.0,7.0,14.0,10.0,0.0,1.0,4.0,1.0,7.0,8.0,10.0,10.0,10.0,14.0,43.0,38.0,24.0,24.0,31.0,34.0,47.0,25.0,29.0,8.0,8.0,5.0,6.0,8.0,3.0,1.0,2.0,4.0,16.0,7.0,0.0
Tarapaca,01,Pozo Almonte,01401,17395.0,0,0.0,0.0,0.0,0.0,0.0,1.0,2.0,0.0,0.0,0.0,3.0,5.0,15.0,38.0,58.0,93.0,104.0,64.0,36.0,76.0,56.0,48.0,43.0,129.0,58.0,43.0,50.0,39.0,25.0,16.0,5.0,10.0,13.0,12.0,13.0,10.0,17.0,29.0,34.0,0.0
Tarapaca,01,Desconocido Tarapaca,,,0,0.0,0.0,0.0,0.0,0.0,0.0,0.0,1.0,0.0,1.0,5.0,94.0,29.0,25.0,26.0,31.0,25.0,20.0,22.0,15.0,17.0,33.0,34.0,17.0,16.0,13.0,11.0,13.0,10.0,15.0,40.0,64.0,81.0,85.0,26.0,15.0,10.0,13.0,5.0,0.0
Tarapaca,01,Total,,382773.0,0.0,0.0,0.0,0.0,0.0,12.0,14.0,30.0,40.0,54.0,84.0,232.0,503.0,728.0,903.0,892.0,862.0,834.0,706.0,631.0,618.0,545.0,519.0,627.0,683.0,604.0,619.0,510.0,480.0,380.0,363.0,289.0,325.0,369.0,318.0,294.0,340.0,282.0,354.0,196.0,0.0
,,,,,,,,,,,,,,,,,,,,,,,,,,,,,,,,,,,,,,,,,,,,,
Antofagasta,02,Antofagasta,02101,425725.0,0,0.0,0.0,1.0,2.0,27.0,32.0,40.0,56.0,109.0,160.0,214.0,312.0,313.0,303.0,351.0,498.0,595.0,706.0,791.0,911.0,760.0,582.0,575.0,675.0,628.0,525.0,438.0,426.0,349.0,287.0,228.0,238.0,274.0,283.0,262.0,231.0,196.0,173.0,116.0,0.0
Antofagasta,02,Calama,02201,190336.0,0,0.0,1.0,0.0,2.0,3.0,3.0,8.0,16.0,16.0,39.0,52.0,91.0,233.0,282.0,448.0,803.0,985.0,916.0,744.0,672.0,468.0,349.0,270.0,204.0,196.0,184.0,134.0,145.0,115.0,77.0,64.0,92.0,74.0,38.0,22.0,51.0,30.0,25.0,26.0,0.0
Antofagasta,02,Maria Elena,02302,6814.0,0,0.0,1.0,0.0,0.0,0.0,0.0,0.0,5.0,9.0,16.0,44.0,44.0,30.0,13.0,12.0,11.0,7.0,41.0,29.0,27.0,7.0,14.0,8.0,12.0,7.0,1.0,2.0,3.0,4.0,3.0,0.0,1.0,0.0,0.0,5.0,3.0,1.0,2.0,0.0,0.0
Antofagasta,02,Mejillones,02102,14776.0,0,0.0,0.0,0.0,0.0,0.0,1.0,8.0,15.0,17.0,30.0,76.0,46.0,51.0,19.0,19.0,10.0,18.0,39.0,50.0,26.0,16.0,11.0,22.0,25.0,9.0,22.0,16.0,14.0,8.0,19.0,17.0,7.0,8.0,14.0,10.0,14.0,11.0,5.0,7.0,0.0
Antofagasta,02,Ollague,02202,287.0,0,0.0,0.0,0.0,0.0,0.0,0.0,0.0,0.0,0.0,0.0,0.0,0.0,0.0,0.0,0.0,0.0,2.0,6.0,1.0,2.0,5.0,5.0,0.0,3.0,0.0,0.0,0.0,0.0,0.0,0.0,0.0,0.0,0.0,0.0,0.0,0.0,0.0,0.0,0.0,0.0
Antofagasta,02,San Pedro de Atacama,02203,10434.0,0,0.0,0.0,0.0,0.0,2.0,1.0,1.0,0.0,0.0,1.0,0.0,0.0,1.0,4.0,4.0,18.0,21.0,33.0,35.0,35.0,36.0,45.0,20.0,20.0,19.0,18.0,13.0,8.0,9.0,4.0,2.0,14.0,7.0,2.0,3.0,5.0,0.0,0.0,1.0,0.0
Antofagasta,02,Sierra Gorda,02103,1746.0,0,0.0,0.0,0.0,0.0,0.0,0.0,0.0,0.0,0.0,0.0,3.0,5.0,5.0,3.0,12.0,6.0,8.0,3.0,4.0,2.0,5.0,6.0,6.0,4.0,5.0,0.0,1.0,0.0,1.0,1.0,2.0,2.0,2.0,6.0,2.0,0.0,0.0,0.0,0.0,0.0
Antofagasta,02,Taltal,02104,13657.0,0,0.0,0.0,0.0,0.0,0.0,0.0,2.0,3.0,2.0,1.0,1.0,3.0,12.0,6.0,9.0,7.0,9.0,12.0,7.0,11.0,21.0,16.0,2.0,10.0,10.0,15.0,9.0,2.0,4.0,2.0,6.0,7.0,2.0,12.0,2.0,3.0,0.0,4.0,8.0,0.0
Antofagasta,02,Tocopilla,02301,28079.0,0,0.0,0.0,0.0,0.0,2.0,0.0,4.0,5.0,0.0,1.0,2.0,6.0,8.0,8.0,5.0,6.0,25.0,50.0,61.0,43.0,22.0,22.0,7.0,8.0,9.0,9.0,19.0,14.0,2.0,2.0,3.0,5.0,4.0,3.0,4.0,11.0,6.0,3.0,1.0,0.0
Antofagasta,02,Desconocido Antofagasta,,,0,0.0,0.0,0.0,0.0,0.0,0.0,0.0,0.0,1.0,5.0,0.0,1.0,1.0,0.0,0.0,5.0,10.0,41.0,30.0,26.0,20.0,21.0,21.0,26.0,26.0,13.0,13.0,9.0,4.0,8.0,3.0,5.0,6.0,10.0,1.0,7.0,9.0,4.0,11.0,0.0
Antofagasta,02,Total,,691854.0,0.0,0.0,2.0,1.0,4.0,34.0,37.0,63.0,100.0,154.0,253.0,392.0,508.0,654.0,638.0,860.0,1364.0,1680.0,1847.0,1752.0,1755.0,1360.0,1071.0,931.0,987.0,909.0,787.0,645.0,621.0,496.0,403.0,325.0,371.0,377.0,368.0,311.0,325.0,253.0,216.0,170.0,0.0
,,,,,,,,,,,,,,,,,,,,,,,,,,,,,,,,,,,,,,,,,,,,,
Atacama,03,Alto del Carmen,03302,5729.0,0,0.0,0.0,0.0,0.0,0.0,0.0,0.0,0.0,0.0,0.0,0.0,0.0,0.0,0.0,1.0,3.0,1.0,1.0,0.0,1.0,2.0,1.0,0.0,0.0,6.0,14.0,4.0,1.0,0.0,2.0,1.0,3.0,1.0,0.0,0.0,0.0,0.0,0.0,0.0,0.0
Atacama,03,Caldera,03102,19426.0,0,0.0,0.0,0.0,0.0,0.0,0.0,0.0,0.0,0.0,0.0,2.0,2.0,1.0,1.0,3.0,2.0,7.0,5.0,14.0,7.0,6.0,19.0,20.0,24.0,57.0,32.0,42.0,23.0,3.0,14.0,13.0,3.0,4.0,5.0,3.0,4.0,8.0,1.0,0.0,0.0
Atacama,03,Chanaral,03201,13164.0,0,0.0,0.0,0.0,0.0,0.0,0.0,0.0,0.0,0.0,0.0,0.0,0.0,0.0,1.0,0.0,2.0,6.0,12.0,2.0,4.0,9.0,6.0,12.0,11.0,10.0,19.0,13.0,21.0,35.0,17.0,7.0,2.0,1.0,0.0,0.0,1.0,1.0,0.0,3.0,0.0
Atacama,03,Copiapo,03101,171766.0,0,0.0,0.0,0.0,1.0,0.0,3.0,1.0,4.0,0.0,12.0,28.0,27.0,14.0,26.0,57.0,114.0,120.0,145.0,153.0,173.0,196.0,301.0,510.0,654.0,636.0,392.0,259.0,149.0,123.0,155.0,91.0,62.0,85.0,71.0,92.0,91.0,31.0,12.0,10.0,0.0
Atacama,03,Diego de Almagro,03202,14358.0,0,0.0,0.0,0.0,0.0,0.0,1.0,0.0,0.0,0.0,0.0,1.0,1.0,4.0,3.0,7.0,3.0,9.0,4.0,2.0,10.0,6.0,1.0,5.0,1.0,11.0,44.0,20.0,40.0,7.0,13.0,14.0,27.0,27.0,34.0,25.0,20.0,11.0,2.0,1.0,0.0
Atacama,03,Freirina,03303,7681.0,0,0.0,0.0,0.0,0.0,0.0,0.0,0.0,0.0,1.0,0.0,0.0,0.0,0.0,0.0,0.0,2.0,1.0,5.0,3.0,10.0,23.0,6.0,4.0,7.0,20.0,24.0,15.0,10.0,6.0,7.0,8.0,22.0,10.0,8.0,1.0,1.0,0.0,0.0,0.0,0.0
Atacama,03,Huasco,03304,11264.0,0,0.0,0.0,0.0,0.0,0.0,0.0,0.0,0.0,0.0,0.0,1.0,0.0,0.0,0.0,2.0,6.0,3.0,4.0,6.0,3.0,0.0,1.0,9.0,9.0,3.0,10.0,16.0,8.0,22.0,15.0,28.0,20.0,12.0,9.0,11.0,8.0,16.0,7.0,6.0,0.0
Atacama,03,Tierra Amarilla,03103,14312.0,0,0.0,0.0,0.0,0.0,0.0,0.0,2.0,3.0,0.0,2.0,5.0,10.0,2.0,0.0,1.0,10.0,15.0,11.0,5.0,14.0,22.0,23.0,40.0,49.0,49.0,34.0,17.0,22.0,5.0,6.0,2.0,6.0,19.0,25.0,12.0,6.0,1.0,2.0,4.0,0.0
Atacama,03,Vallenar,03301,57009.0,0,0.0,0.0,0.0,0.0,0.0,0.0,0.0,1.0,8.0,10.0,10.0,13.0,3.0,7.0,16.0,27.0,54.0,66.0,55.0,72.0,59.0,33.0,34.0,39.0,39.0,62.0,65.0,85.0,136.0,97.0,136.0,127.0,67.0,49.0,34.0,24.0,15.0,17.0,13.0,0.0
Atacama,03,Desconocido Atacama,,,0,0.0,0.0,0.0,0.0,0.0,0.0,0.0,0.0,0.0,0.0,0.0,0.0,0.0,0.0,0.0,0.0,0.0,9.0,1.0,2.0,1.0,3.0,2.0,0.0,11.0,2.0,3.0,1.0,1.0,0.0,0.0,2.0,0.0,0.0,2.0,0.0,1.0,0.0,2.0,0.0
Atacama,03,Total,,314709.0,0.0,0.0,0.0,0.0,1.0,0.0,4.0,3.0,8.0,9.0,24.0,47.0,53.0,24.0,38.0,87.0,169.0,216.0,262.0,241.0,296.0,324.0,394.0,636.0,794.0,842.0,633.0,454.0,360.0,338.0,326.0,300.0,274.0,226.0,201.0,180.0,155.0,84.0,41.0,39.0,0.0
,,,,,,,,,,,,,,,,,,,,,,,,,,,,,,,,,,,,,,,,,,,,,
Coquimbo,04,Andacollo,04103,11791.0,0,0.0,0.0,0.0,0.0,0.0,0.0,0.0,0.0,0.0,0.0,2.0,7.0,3.0,3.0,7.0,6.0,0.0,5.0,7.0,4.0,3.0,3.0,2.0,5.0,5.0,10.0,16.0,15.0,25.0,19.0,14.0,12.0,11.0,6.0,2.0,2.0,0.0,0.0,1.0,0.0
Coquimbo,04,Canela,04202,9546.0,0,0.0,0.0,0.0,0.0,0.0,0.0,0.0,0.0,0.0,0.0,1.0,0.0,2.0,0.0,2.0,2.0,0.0,1.0,6.0,5.0,0.0,4.0,3.0,2.0,11.0,19.0,11.0,8.0,5.0,4.0,10.0,8.0,2.0,2.0,4.0,1.0,2.0,0.0,0.0,0.0
Coquimbo,04,Combarbala,04302,13884.0,0,0.0,0.0,0.0,0.0,0.0,0.0,0.0,0.0,0.0,0.0,2.0,3.0,4.0,3.0,5.0,3.0,2.0,7.0,0.0,1.0,3.0,0.0,1.0,4.0,6.0,8.0,10.0,10.0,3.0,4.0,3.0,4.0,4.0,3.0,5.0,3.0,1.0,0.0,1.0,0.0
Coquimbo,04,Coquimbo,04102,256735.0,0,0.0,0.0,0.0,4.0,14.0,3.0,2.0,1.0,6.0,7.0,21.0,84.0,87.0,69.0,148.0,144.0,156.0,179.0,240.0,235.0,340.0,359.0,351.0,336.0,335.0,340.0,341.0,286.0,211.0,181.0,102.0,123.0,85.0,78.0,45.0,47.0,36.0,31.0,9.0,0.0
Coquimbo,04,Illapel,04201,32801.0,0,0.0,0.0,0.0,0.0,0.0,4.0,7.0,7.0,1.0,0.0,1.0,0.0,1.0,5.0,20.0,14.0,18.0,20.0,41.0,43.0,63.0,9.0,23.0,49.0,20.0,32.0,20.0,12.0,21.0,16.0,12.0,32.0,17.0,6.0,9.0,5.0,2.0,1.0,0.0,0.0
Coquimbo,04,La Higuera,04104,4450.0,0,0.0,0.0,0.0,0.0,0.0,0.0,0.0,0.0,0.0,0.0,0.0,0.0,0.0,0.0,1.0,2.0,0.0,0.0,0.0,6.0,9.0,27.0,9.0,17.0,19.0,3.0,5.0,1.0,1.0,3.0,0.0,1.0,0.0,0.0,0.0,0.0,0.0,0.0,0.0,0.0
Coquimbo,04,La Serena,04101,249656.0,0,0.0,0.0,1.0,0.0,3.0,7.0,4.0,2.0,3.0,6.0,16.0,51.0,51.0,75.0,111.0,115.0,136.0,196.0,187.0,225.0,271.0,272.0,334.0,337.0,291.0,174.0,232.0,179.0,198.0,122.0,60.0,71.0,83.0,70.0,45.0,47.0,34.0,26.0,7.0,0.0
Coquimbo,04,Los Vilos,04203,23374.0,0,0.0,0.0,0.0,0.0,1.0,0.0,0.0,0.0,0.0,0.0,0.0,1.0,0.0,3.0,4.0,6.0,6.0,12.0,26.0,11.0,12.0,17.0,21.0,18.0,25.0,30.0,25.0,15.0,27.0,20.0,15.0,19.0,7.0,9.0,4.0,4.0,4.0,1.0,0.0,0.0
Coquimbo,04,Monte Patria,04303,32527.0,0,0.0,0.0,0.0,0.0,0.0,0.0,0.0,0.0,0.0,0.0,1.0,6.0,19.0,25.0,27.0,24.0,44.0,22.0,30.0,24.0,14.0,13.0,10.0,22.0,24.0,49.0,43.0,36.0,27.0,19.0,16.0,17.0,7.0,7.0,5.0,11.0,2.0,4.0,6.0,0.0
Coquimbo,04,Ovalle,04301,121269.0,0,0.0,0.0,0.0,3.0,2.0,4.0,2.0,0.0,5.0,1.0,13.0,32.0,48.0,58.0,114.0,171.0,180.0,151.0,135.0,90.0,83.0,58.0,81.0,114.0,191.0,219.0,247.0,204.0,160.0,122.0,87.0,106.0,47.0,28.0,31.0,9.0,14.0,15.0,9.0,0.0
Coquimbo,04,Paiguano,04105,4675.0,0,0.0,0.0,0.0,0.0,0.0,0.0,0.0,0.0,0.0,0.0,0.0,0.0,0.0,2.0,2.0,1.0,2.0,0.0,0.0,0.0,2.0,0.0,2.0,1.0,1.0,3.0,3.0,1.0,2.0,4.0,11.0,4.0,1.0,0.0,1.0,0.0,0.0,0.0,0.0,0.0
Coquimbo,04,Punitaqui,04304,12165.0,0,0.0,0.0,0.0,0.0,0.0,0.0,0.0,0.0,1.0,1.0,3.0,6.0,0.0,4.0,16.0,2.0,7.0,5.0,7.0,5.0,13.0,15.0,5.0,4.0,12.0,18.0,16.0,19.0,13.0,13.0,5.0,8.0,2.0,3.0,7.0,3.0,1.0,6.0,6.0,0.0
Coquimbo,04,Rio Hurtado,04305,4372.0,0,0.0,0.0,0.0,0.0,1.0,0.0,0.0,0.0,0.0,0.0,1.0,0.0,1.0,2.0,5.0,6.0,1.0,0.0,0.0,5.0,1.0,3.0,3.0,2.0,5.0,5.0,1.0,1.0,1.0,4.0,0.0,0.0,0.0,0.0,1.0,0.0,0.0,0.0,0.0,0.0
Coquimbo,04,Salamanca,04204,29110.0,0,0.0,0.0,1.0,0.0,1.0,2.0,1.0,2.0,1.0,0.0,3.0,2.0,2.0,5.0,15.0,14.0,3.0,6.0,4.0,7.0,11.0,18.0,39.0,24.0,7.0,14.0,11.0,12.0,14.0,9.0,7.0,14.0,1.0,6.0,3.0,6.0,3.0,2.0,1.0,0.0
Coquimbo,04,Vicuna,04106,29741.0,0,0.0,0.0,0.0,0.0,0.0,0.0,0.0,0.0,0.0,1.0,3.0,5.0,3.0,5.0,4.0,7.0,2.0,1.0,8.0,11.0,33.0,33.0,22.0,13.0,17.0,15.0,19.0,23.0,33.0,26.0,16.0,14.0,6.0,3.0,3.0,1.0,1.0,5.0,3.0,0.0
Coquimbo,04,Desconocido Coquimbo,,,0,0.0,0.0,0.0,0.0,1.0,0.0,3.0,1.0,1.0,1.0,0.0,1.0,3.0,10.0,8.0,9.0,17.0,11.0,15.0,10.0,18.0,12.0,2.0,8.0,4.0,2.0,0.0,0.0,2.0,2.0,2.0,1.0,0.0,0.0,2.0,0.0,0.0,0.0,0.0,0.0
Coquimbo,04,Total,,836096.0,0.0,0.0,0.0,2.0,7.0,23.0,20.0,19.0,13.0,18.0,17.0,67.0,198.0,224.0,269.0,489.0,526.0,574.0,616.0,706.0,682.0,876.0,843.0,908.0,956.0,973.0,941.0,1000.0,822.0,743.0,568.0,360.0,434.0,273.0,221.0,167.0,139.0,100.0,91.0,43.0,0.0
,,,,,,,,,,,,,,,,,,,,,,,,,,,,,,,,,,,,,,,,,,,,,
Valparaiso,05,Algarrobo,05602,15174.0,0,0.0,0.0,0.0,1.0,4.0,4.0,0.0,0.0,0.0,2.0,4.0,6.0,13.0,10.0,7.0,19.0,20.0,6.0,6.0,2.0,4.0,2.0,0.0,0.0,4.0,1.0,12.0,10.0,10.0,2.0,3.0,3.0,13.0,2.0,5.0,15.0,14.0,4.0,0.0,0.0
Valparaiso,05,Cabildo,05402,20663.0,0,0.0,0.0,0.0,0.0,0.0,0.0,0.0,0.0,0.0,5.0,4.0,3.0,7.0,7.0,17.0,20.0,40.0,50.0,60.0,39.0,44.0,21.0,11.0,6.0,9.0,20.0,19.0,25.0,26.0,20.0,14.0,6.0,10.0,5.0,5.0,2.0,12.0,5.0,3.0,0.0
Valparaiso,05,Calera,05502,53591.0,0,0.0,0.0,0.0,0.0,1.0,6.0,3.0,4.0,7.0,2.0,2.0,7.0,19.0,21.0,21.0,52.0,62.0,87.0,87.0,100.0,101.0,106.0,95.0,85.0,146.0,93.0,72.0,97.0,76.0,47.0,40.0,28.0,20.0,26.0,15.0,16.0,14.0,21.0,6.0,0.0
Valparaiso,05,Calle Larga,05302,16482.0,0,0.0,0.0,0.0,0.0,0.0,1.0,1.0,3.0,1.0,0.0,4.0,3.0,8.0,29.0,26.0,27.0,24.0,23.0,41.0,20.0,9.0,8.0,12.0,17.0,7.0,29.0,0.0,10.0,9.0,7.0,7.0,17.0,15.0,11.0,5.0,7.0,9.0,9.0,6.0,0.0
Valparaiso,05,Cartagena,05603,25357.0,0,0.0,0.0,0.0,0.0,0.0,0.0,2.0,0.0,1.0,5.0,5.0,12.0,7.0,17.0,12.0,19.0,21.0,20.0,15.0,18.0,10.0,16.0,12.0,8.0,5.0,10.0,14.0,6.0,16.0,15.0,18.0,30.0,21.0,7.0,3.0,7.0,8.0,3.0,4.0,0.0
Valparaiso,05,Casablanca,05102,29170.0,0,0.0,0.0,0.0,0.0,2.0,0.0,1.0,1.0,0.0,0.0,0.0,9.0,9.0,9.0,14.0,24.0,27.0,18.0,26.0,28.0,26.0,32.0,36.0,57.0,59.0,35.0,18.0,23.0,18.0,27.0,19.0,20.0,8.0,10.0,5.0,5.0,6.0,8.0,14.0,0.0
Valparaiso,05,Catemu,05702,15213.0,0,0.0,0.0,0.0,0.0,1.0,0.0,0.0,0.0,0.0,0.0,1.0,1.0,7.0,3.0,14.0,15.0,14.0,4.0,19.0,8.0,13.0,8.0,15.0,23.0,29.0,17.0,27.0,36.0,20.0,13.0,7.0,17.0,15.0,12.0,17.0,8.0,4.0,5.0,0.0,0.0
Valparaiso,05,Concon,05103,45889.0,0,0.0,0.0,0.0,0.0,4.0,4.0,3.0,1.0,0.0,10.0,6.0,9.0,16.0,19.0,27.0,53.0,45.0,52.0,84.0,76.0,57.0,35.0,15.0,21.0,24.0,28.0,32.0,22.0,39.0,33.0,15.0,21.0,26.0,12.0,11.0,16.0,23.0,31.0,8.0,0.0
Valparaiso,05,El Quisco,05604,17742.0,0,0.0,0.0,0.0,0.0,1.0,0.0,4.0,2.0,4.0,0.0,5.0,10.0,16.0,15.0,15.0,18.0,11.0,8.0,12.0,23.0,9.0,11.0,8.0,5.0,13.0,14.0,7.0,13.0,40.0,25.0,9.0,10.0,4.0,9.0,11.0,3.0,2.0,2.0,5.0,0.0
Valparaiso,05,El Tabo,05605,14338.0,0,0.0,0.0,0.0,0.0,0.0,5.0,0.0,2.0,2.0,3.0,4.0,7.0,6.0,16.0,27.0,21.0,20.0,23.0,34.0,19.0,9.0,9.0,27.0,18.0,5.0,4.0,3.0,6.0,18.0,6.0,8.0,3.0,5.0,2.0,2.0,6.0,2.0,0.0,0.0,0.0
Valparaiso,05,Hijuelas,05503,19099.0,0,0.0,0.0,0.0,0.0,0.0,0.0,0.0,1.0,0.0,0.0,0.0,0.0,8.0,10.0,14.0,13.0,11.0,20.0,23.0,20.0,31.0,26.0,25.0,30.0,30.0,21.0,18.0,19.0,14.0,14.0,4.0,1.0,11.0,17.0,0.0,1.0,1.0,1.0,1.0,0.0
Valparaiso,05,Isla de Pascua,05201,8277.0,0,0.0,0.0,0.0,0.0,2.0,1.0,2.0,0.0,0.0,0.0,0.0,0.0,0.0,0.0,0.0,0.0,0.0,0.0,0.0,0.0,0.0,0.0,0.0,0.0,0.0,0.0,1.0,0.0,0.0,3.0,0.0,0.0,0.0,0.0,0.0,0.0,0.0,0.0,0.0,0.0
Valparaiso,05,Juan Fernandez,05104,1033.0,0,0.0,0.0,0.0,0.0,0.0,0.0,0.0,0.0,0.0,0.0,0.0,0.0,0.0,0.0,0.0,0.0,0.0,0.0,0.0,0.0,0.0,0.0,0.0,0.0,0.0,0.0,0.0,0.0,0.0,0.0,1.0,0.0,0.0,0.0,0.0,0.0,0.0,0.0,0.0,0.0
Valparaiso,05,La Cruz,05504,25321.0,0,0.0,0.0,1.0,0.0,1.0,2.0,3.0,1.0,0.0,1.0,8.0,7.0,4.0,5.0,14.0,16.0,11.0,13.0,25.0,17.0,23.0,30.0,40.0,22.0,16.0,22.0,19.0,19.0,25.0,27.0,9.0,16.0,20.0,11.0,9.0,10.0,16.0,8.0,4.0,0.0
Valparaiso,05,La Ligua,05401,37739.0,0,0.0,0.0,0.0,0.0,1.0,0.0,1.0,0.0,0.0,0.0,1.0,2.0,9.0,19.0,27.0,33.0,52.0,34.0,45.0,50.0,52.0,55.0,69.0,49.0,57.0,61.0,83.0,59.0,38.0,36.0,20.0,35.0,41.0,27.0,16.0,16.0,8.0,8.0,5.0,0.0
Valparaiso,05,Limache,05802,49931.0,0,0.0,0.0,0.0,0.0,3.0,0.0,5.0,9.0,7.0,1.0,7.0,24.0,33.0,25.0,36.0,87.0,100.0,104.0,90.0,95.0,61.0,59.0,47.0,49.0,88.0,53.0,68.0,58.0,40.0,28.0,19.0,21.0,20.0,21.0,20.0,18.0,13.0,11.0,13.0,0.0
Valparaiso,05,Llaillay,05703,26533.0,0,0.0,0.0,0.0,0.0,1.0,1.0,0.0,0.0,0.0,1.0,3.0,5.0,29.0,23.0,26.0,33.0,22.0,35.0,28.0,31.0,49.0,21.0,25.0,24.0,30.0,5.0,22.0,33.0,31.0,21.0,17.0,6.0,24.0,25.0,26.0,17.0,12.0,15.0,7.0,0.0
Valparaiso,05,Los Andes,05301,68093.0,0,0.0,0.0,0.0,0.0,2.0,2.0,0.0,4.0,0.0,2.0,9.0,21.0,57.0,86.0,93.0,135.0,111.0,111.0,100.0,88.0,66.0,69.0,55.0,26.0,35.0,10.0,21.0,37.0,44.0,41.0,40.0,50.0,57.0,19.0,32.0,14.0,15.0,18.0,13.0,0.0
Valparaiso,05,Nogales,05506,23490.0,0,0.0,0.0,0.0,0.0,0.0,0.0,0.0,0.0,0.0,0.0,3.0,4.0,6.0,6.0,7.0,9.0,16.0,20.0,16.0,21.0,21.0,41.0,37.0,27.0,38.0,36.0,58.0,39.0,21.0,31.0,7.0,7.0,10.0,14.0,9.0,10.0,9.0,0.0,0.0,0.0
Valparaiso,05,Olmue,05803,19266.0,0,0.0,0.0,0.0,0.0,0.0,0.0,1.0,1.0,1.0,0.0,0.0,2.0,5.0,11.0,8.0,14.0,22.0,15.0,10.0,22.0,16.0,19.0,17.0,18.0,34.0,37.0,25.0,12.0,16.0,1.0,4.0,7.0,12.0,12.0,16.0,4.0,4.0,4.0,0.0,0.0
Valparaiso,05,Panquehue,05704,7633.0,0,0.0,0.0,0.0,0.0,0.0,0.0,0.0,0.0,0.0,0.0,0.0,4.0,5.0,6.0,4.0,11.0,6.0,10.0,8.0,8.0,16.0,23.0,12.0,0.0,2.0,3.0,2.0,4.0,2.0,0.0,0.0,1.0,1.0,3.0,3.0,0.0,0.0,0.0,0.0,0.0
Valparaiso,05,Papudo,05403,6201.0,0,0.0,0.0,0.0,0.0,0.0,0.0,1.0,0.0,1.0,0.0,0.0,0.0,6.0,4.0,13.0,14.0,14.0,10.0,6.0,6.0,4.0,3.0,9.0,9.0,6.0,9.0,7.0,3.0,5.0,20.0,23.0,11.0,10.0,5.0,2.0,3.0,1.0,1.0,0.0,0.0
Valparaiso,05,Petorca,05404,10558.0,0,0.0,0.0,0.0,0.0,1.0,4.0,1.0,0.0,0.0,0.0,0.0,0.0,4.0,5.0,9.0,4.0,5.0,10.0,11.0,10.0,7.0,13.0,10.0,15.0,12.0,13.0,11.0,16.0,3.0,7.0,6.0,1.0,0.0,3.0,6.0,2.0,1.0,0.0,0.0,0.0
Valparaiso,05,Puchuncavi,05105,20071.0,0,0.0,0.0,0.0,0.0,0.0,0.0,0.0,0.0,0.0,0.0,0.0,4.0,11.0,6.0,8.0,29.0,25.0,24.0,18.0,14.0,11.0,6.0,9.0,10.0,10.0,11.0,7.0,9.0,9.0,6.0,1.0,5.0,4.0,5.0,3.0,4.0,6.0,2.0,0.0,0.0
Valparaiso,05,Putaendo,05705,17645.0,0,0.0,0.0,0.0,0.0,1.0,0.0,0.0,1.0,3.0,2.0,2.0,7.0,7.0,7.0,15.0,30.0,27.0,27.0,27.0,22.0,18.0,6.0,18.0,13.0,8.0,9.0,3.0,5.0,10.0,18.0,8.0,12.0,17.0,7.0,5.0,0.0,3.0,9.0,9.0,0.0
Valparaiso,05,Quillota,05501,97572.0,0,0.0,0.0,1.0,0.0,3.0,7.0,3.0,8.0,1.0,5.0,3.0,18.0,20.0,47.0,77.0,192.0,190.0,212.0,205.0,221.0,145.0,121.0,131.0,106.0,118.0,148.0,130.0,109.0,80.0,56.0,28.0,37.0,27.0,32.0,21.0,26.0,15.0,25.0,15.0,0.0
Valparaiso,05,Quilpue,05801,167085.0,0,0.0,0.0,1.0,3.0,4.0,9.0,6.0,4.0,4.0,12.0,20.0,46.0,77.0,79.0,109.0,157.0,156.0,222.0,184.0,198.0,152.0,111.0,93.0,89.0,142.0,101.0,99.0,127.0,168.0,145.0,119.0,112.0,155.0,116.0,121.0,119.0,111.0,87.0,53.0,0.0
Valparaiso,05,Quintero,05107,36135.0,0,0.0,0.0,0.0,0.0,2.0,1.0,1.0,0.0,6.0,2.0,3.0,23.0,23.0,29.0,47.0,55.0,41.0,49.0,45.0,25.0,35.0,34.0,23.0,14.0,10.0,11.0,9.0,26.0,13.0,12.0,17.0,18.0,16.0,15.0,24.0,23.0,15.0,19.0,12.0,0.0
Valparaiso,05,Rinconada,05303,11263.0,0,0.0,0.0,0.0,0.0,0.0,0.0,3.0,0.0,0.0,0.0,0.0,2.0,14.0,18.0,15.0,19.0,20.0,19.0,15.0,11.0,13.0,11.0,8.0,0.0,0.0,1.0,0.0,2.0,1.0,1.0,0.0,4.0,5.0,8.0,3.0,5.0,2.0,1.0,0.0,0.0
Valparaiso,05,San Antonio,05601,96761.0,0,0.0,0.0,0.0,0.0,0.0,6.0,14.0,11.0,22.0,36.0,71.0,57.0,98.0,94.0,135.0,142.0,120.0,92.0,93.0,80.0,59.0,79.0,65.0,52.0,46.0,93.0,59.0,97.0,61.0,36.0,34.0,53.0,32.0,9.0,3.0,17.0,24.0,8.0,0.0,0.0
Valparaiso,05,San Esteban,05304,20643.0,0,0.0,0.0,0.0,0.0,0.0,0.0,0.0,0.0,1.0,2.0,2.0,7.0,4.0,11.0,16.0,28.0,18.0,18.0,27.0,27.0,28.0,18.0,11.0,11.0,11.0,9.0,6.0,8.0,3.0,8.0,8.0,14.0,17.0,12.0,20.0,5.0,2.0,2.0,6.0,0.0
Valparaiso,05,San Felipe,05701,83494.0,0,0.0,0.0,0.0,0.0,3.0,3.0,2.0,0.0,0.0,2.0,6.0,18.0,59.0,70.0,116.0,182.0,176.0,111.0,132.0,85.0,58.0,39.0,22.0,76.0,96.0,48.0,25.0,32.0,49.0,72.0,57.0,78.0,46.0,48.0,52.0,27.0,21.0,45.0,27.0,0.0
Valparaiso,05,Santa Maria,05706,16367.0,0,0.0,0.0,0.0,0.0,0.0,1.0,1.0,0.0,0.0,4.0,15.0,2.0,5.0,8.0,13.0,19.0,31.0,33.0,23.0,28.0,18.0,17.0,10.0,23.0,8.0,9.0,17.0,6.0,4.0,14.0,14.0,9.0,11.0,9.0,5.0,1.0,1.0,10.0,0.0,0.0
Valparaiso,05,Santo Domingo,05606,11934.0,0,0.0,0.0,0.0,2.0,1.0,1.0,4.0,5.0,4.0,4.0,5.0,4.0,12.0,7.0,9.0,33.0,21.0,10.0,10.0,6.0,5.0,1.0,1.0,3.0,0.0,6.0,4.0,17.0,6.0,8.0,1.0,0.0,0.0,4.0,10.0,6.0,0.0,0.0,1.0,0.0
Valparaiso,05,Valparaiso,05101,315732.0,0,0.0,0.0,1.0,2.0,11.0,15.0,13.0,20.0,17.0,26.0,82.0,119.0,148.0,234.0,320.0,484.0,547.0,503.0,377.0,330.0,342.0,328.0,323.0,322.0,307.0,342.0,402.0,360.0,448.0,354.0,211.0,253.0,223.0,183.0,168.0,150.0,144.0,201.0,85.0,0.0
Valparaiso,05,Villa Alemana,05804,139310.0,0,0.0,0.0,0.0,1.0,7.0,4.0,3.0,0.0,1.0,5.0,32.0,42.0,53.0,74.0,124.0,185.0,183.0,214.0,140.0,175.0,133.0,100.0,100.0,106.0,124.0,119.0,120.0,120.0,146.0,157.0,106.0,101.0,93.0,109.0,120.0,96.0,49.0,62.0,37.0,0.0
Valparaiso,05,Vina del Mar,05109,361371.0,0,0.0,1.0,0.0,5.0,23.0,28.0,21.0,15.0,21.0,25.0,79.0,140.0,197.0,241.0,305.0,409.0,398.0,463.0,429.0,373.0,290.0,277.0,233.0,256.0,348.0,372.0,369.0,401.0,362.0,318.0,219.0,255.0,214.0,190.0,154.0,126.0,126.0,135.0,78.0,0.0
Valparaiso,05,Zapallar,05405,7994.0,0,0.0,0.0,0.0,0.0,0.0,0.0,1.0,0.0,0.0,0.0,0.0,1.0,1.0,0.0,1.0,2.0,3.0,19.0,13.0,12.0,11.0,9.0,5.0,5.0,10.0,5.0,6.0,11.0,14.0,5.0,6.0,2.0,0.0,6.0,0.0,1.0,0.0,0.0,1.0,0.0
Valparaiso,05,Desconocido Valparaiso,,,0,0.0,0.0,0.0,0.0,2.0,3.0,3.0,1.0,1.0,0.0,0.0,9.0,7.0,6.0,32.0,26.0,31.0,53.0,44.0,46.0,25.0,22.0,8.0,9.0,8.0,5.0,7.0,14.0,12.0,11.0,8.0,10.0,8.0,8.0,2.0,1.0,0.0,6.0,8.0,0.0
Valparaiso,05,Total,,1960170.0,0.0,0.0,1.0,4.0,14.0,81.0,108.0,103.0,94.0,105.0,157.0,386.0,635.0,1010.0,1277.0,1773.0,2629.0,2641.0,2742.0,2528.0,2354.0,1971.0,1786.0,1637.0,1604.0,1895.0,1810.0,1802.0,1891.0,1897.0,1645.0,1127.0,1274.0,1211.0,1014.0,929.0,787.0,693.0,766.0,421.0,0.0
,,,,,,,,,,,,,,,,,,,,,,,,,,,,,,,,,,,,,,,,,,,,,
Metropolitana,13,Alhue,13502,7405.0,0,0.0,0.0,0.0,0.0,0.0,1.0,1.0,0.0,0.0,0.0,0.0,5.0,1.0,5.0,9.0,15.0,24.0,13.0,19.0,32.0,28.0,18.0,21.0,15.0,33.0,19.0,31.0,16.0,27.0,14.0,4.0,12.0,6.0,3.0,4.0,16.0,6.0,4.0,0.0,0.0
Metropolitana,13,Buin,13402,109641.0,0,0.0,0.0,0.0,0.0,5.0,16.0,10.0,12.0,18.0,21.0,64.0,140.0,187.0,230.0,232.0,281.0,268.0,210.0,170.0,168.0,120.0,104.0,70.0,78.0,112.0,55.0,77.0,79.0,99.0,40.0,65.0,74.0,64.0,51.0,32.0,47.0,44.0,27.0,15.0,0.0
Metropolitana,13,Calera de Tango,13403,28525.0,0,0.0,0.0,0.0,0.0,4.0,4.0,1.0,1.0,5.0,2.0,6.0,19.0,31.0,38.0,69.0,73.0,76.0,55.0,77.0,39.0,32.0,18.0,14.0,10.0,11.0,13.0,7.0,25.0,17.0,4.0,8.0,5.0,8.0,3.0,3.0,8.0,3.0,17.0,5.0,0.0
Metropolitana,13,Cerrillos,13102,88956.0,0,0.0,1.0,2.0,1.0,4.0,11.0,13.0,22.0,23.0,65.0,226.0,207.0,278.0,318.0,276.0,349.0,350.0,249.0,185.0,158.0,90.0,93.0,95.0,68.0,43.0,37.0,37.0,36.0,47.0,47.0,30.0,30.0,26.0,39.0,22.0,18.0,25.0,21.0,19.0,0.0
Metropolitana,13,Cerro Navia,13103,142465.0,0,0.0,1.0,2.0,10.0,15.0,15.0,13.0,38.0,49.0,111.0,278.0,596.0,710.0,750.0,786.0,773.0,657.0,565.0,332.0,276.0,200.0,145.0,113.0,184.0,122.0,121.0,107.0,101.0,88.0,76.0,60.0,61.0,39.0,54.0,28.0,21.0,42.0,63.0,35.0,0.0
Metropolitana,13,Colina,13301,180353.0,0,0.0,1.0,3.0,7.0,27.0,16.0,23.0,17.0,25.0,36.0,135.0,372.0,550.0,618.0,621.0,609.0,420.0,345.0,255.0,178.0,148.0,76.0,59.0,54.0,66.0,56.0,88.0,80.0,84.0,67.0,50.0,53.0,42.0,50.0,37.0,45.0,24.0,29.0,15.0,0.0
Metropolitana,13,Conchali,13104,139195.0,0,0.0,0.0,2.0,1.0,17.0,13.0,19.0,42.0,72.0,132.0,388.0,641.0,725.0,681.0,651.0,650.0,561.0,476.0,332.0,279.0,200.0,93.0,114.0,108.0,80.0,98.0,88.0,75.0,80.0,91.0,59.0,55.0,45.0,37.0,47.0,63.0,50.0,34.0,32.0,0.0
Metropolitana,13,Curacavi,13503,36430.0,0,0.0,0.0,0.0,1.0,2.0,5.0,5.0,4.0,1.0,3.0,19.0,39.0,69.0,96.0,138.0,99.0,90.0,67.0,53.0,49.0,45.0,42.0,30.0,27.0,21.0,34.0,22.0,56.0,26.0,31.0,12.0,11.0,3.0,7.0,3.0,5.0,21.0,16.0,10.0,0.0
Metropolitana,13,El Bosque,13105,172000.0,0,0.0,0.0,0.0,1.0,16.0,22.0,29.0,47.0,48.0,84.0,228.0,411.0,570.0,554.0,754.0,836.0,738.0,568.0,480.0,376.0,246.0,204.0,144.0,113.0,90.0,81.0,100.0,111.0,88.0,70.0,52.0,57.0,71.0,48.0,68.0,73.0,59.0,64.0,29.0,0.0
Metropolitana,13,El Monte,13602,40014.0,0,0.0,0.0,0.0,1.0,2.0,1.0,7.0,4.0,3.0,7.0,17.0,41.0,77.0,143.0,102.0,130.0,132.0,155.0,104.0,97.0,69.0,34.0,44.0,43.0,39.0,11.0,10.0,11.0,15.0,14.0,21.0,36.0,11.0,22.0,19.0,8.0,9.0,4.0,6.0,0.0
Metropolitana,13,Estacion Central,13106,206792.0,0,0.0,1.0,2.0,3.0,11.0,28.0,33.0,42.0,82.0,171.0,373.0,581.0,671.0,700.0,749.0,707.0,569.0,456.0,321.0,227.0,203.0,126.0,98.0,83.0,80.0,67.0,84.0,91.0,59.0,47.0,42.0,40.0,56.0,51.0,62.0,52.0,53.0,57.0,23.0,0.0
Metropolitana,13,Huechuraba,13107,112528.0,0,0.0,1.0,1.0,5.0,21.0,11.0,19.0,19.0,32.0,56.0,217.0,378.0,510.0,459.0,423.0,389.0,299.0,307.0,188.0,152.0,117.0,92.0,88.0,78.0,76.0,70.0,42.0,55.0,53.0,48.0,32.0,36.0,40.0,30.0,37.0,44.0,39.0,49.0,16.0,0.0
Metropolitana,13,Independencia,13108,142065.0,0,0.0,0.0,0.0,4.0,15.0,8.0,27.0,49.0,144.0,306.0,568.0,794.0,792.0,787.0,732.0,572.0,423.0,343.0,221.0,204.0,170.0,117.0,82.0,108.0,82.0,87.0,91.0,112.0,71.0,56.0,39.0,57.0,47.0,74.0,53.0,36.0,24.0,29.0,18.0,0.0
Metropolitana,13,Isla de Maipo,13603,40171.0,0,0.0,0.0,0.0,0.0,2.0,1.0,6.0,2.0,0.0,4.0,13.0,25.0,37.0,75.0,89.0,102.0,78.0,78.0,78.0,74.0,114.0,118.0,77.0,73.0,64.0,40.0,51.0,51.0,17.0,20.0,14.0,22.0,26.0,17.0,30.0,60.0,33.0,15.0,10.0,1.0
Metropolitana,13,La Cisterna,13109,100434.0,0,0.0,0.0,0.0,2.0,11.0,12.0,16.0,18.0,26.0,63.0,125.0,248.0,338.0,330.0,450.0,403.0,315.0,284.0,190.0,124.0,121.0,58.0,66.0,57.0,57.0,52.0,57.0,44.0,60.0,36.0,36.0,30.0,33.0,48.0,45.0,31.0,48.0,27.0,12.0,0.0
Metropolitana,13,La Florida,13110,402433.0,0,0.0,1.0,3.0,12.0,29.0,59.0,64.0,81.0,108.0,223.0,601.0,1059.0,1558.0,1746.0,1631.0,1670.0,1216.0,1103.0,830.0,527.0,409.0,278.0,260.0,202.0,214.0,167.0,164.0,207.0,231.0,202.0,181.0,148.0,125.0,137.0,132.0,113.0,114.0,112.0,61.0,0.0
Metropolitana,13,La Granja,13111,122557.0,0,0.0,0.0,0.0,1.0,6.0,15.0,32.0,21.0,19.0,76.0,276.0,626.0,925.0,1028.0,805.0,813.0,646.0,530.0,364.0,350.0,199.0,105.0,106.0,72.0,92.0,69.0,53.0,53.0,65.0,67.0,79.0,74.0,76.0,57.0,65.0,42.0,41.0,44.0,28.0,0.0
Metropolitana,13,La Pintana,13112,189335.0,0,0.0,1.0,1.0,4.0,12.0,18.0,36.0,50.0,93.0,164.0,381.0,858.0,1022.0,1314.0,1443.0,1440.0,1000.0,798.0,558.0,366.0,249.0,213.0,188.0,206.0,208.0,145.0,152.0,149.0,136.0,92.0,65.0,94.0,60.0,80.0,72.0,91.0,73.0,87.0,39.0,0.0
Metropolitana,13,La Reina,13113,100252.0,0,0.0,0.0,0.0,13.0,17.0,13.0,18.0,8.0,12.0,39.0,75.0,126.0,225.0,307.0,256.0,246.0,218.0,185.0,132.0,119.0,74.0,48.0,36.0,51.0,39.0,54.0,57.0,30.0,30.0,30.0,24.0,35.0,44.0,31.0,22.0,24.0,33.0,23.0,15.0,0.0
Metropolitana,13,Lampa,13302,126898.0,0,0.0,0.0,0.0,0.0,9.0,14.0,16.0,13.0,20.0,53.0,138.0,294.0,357.0,405.0,385.0,438.0,363.0,247.0,193.0,162.0,153.0,107.0,66.0,64.0,96.0,49.0,58.0,63.0,65.0,38.0,28.0,34.0,34.0,31.0,25.0,13.0,44.0,36.0,24.0,0.0
Metropolitana,13,Las Condes,13114,330759.0,0,1.0,1.0,18.0,60.0,126.0,70.0,43.0,37.0,31.0,73.0,247.0,514.0,711.0,781.0,698.0,593.0,516.0,401.0,321.0,240.0,148.0,136.0,130.0,114.0,92.0,99.0,97.0,86.0,97.0,113.0,94.0,127.0,133.0,115.0,110.0,107.0,73.0,92.0,42.0,0.0
Metropolitana,13,Lo Barnechea,13115,124076.0,0,0.0,0.0,2.0,15.0,54.0,30.0,20.0,37.0,38.0,66.0,152.0,278.0,400.0,425.0,411.0,429.0,320.0,185.0,135.0,109.0,57.0,65.0,55.0,56.0,49.0,62.0,71.0,67.0,57.0,30.0,22.0,38.0,43.0,59.0,36.0,38.0,45.0,50.0,14.0,0.0
Metropolitana,13,Lo Espejo,13116,103865.0,0,0.0,1.0,0.0,1.0,5.0,10.0,23.0,30.0,21.0,76.0,186.0,360.0,440.0,389.0,515.0,550.0,404.0,368.0,261.0,187.0,143.0,130.0,109.0,77.0,73.0,57.0,67.0,76.0,70.0,68.0,41.0,45.0,45.0,30.0,47.0,25.0,28.0,32.0,20.0,0.0
Metropolitana,13,Lo Prado,13117,104403.0,0,0.0,0.0,0.0,3.0,6.0,22.0,14.0,23.0,31.0,105.0,197.0,363.0,492.0,518.0,631.0,528.0,500.0,406.0,251.0,209.0,208.0,162.0,74.0,107.0,111.0,89.0,95.0,125.0,93.0,58.0,37.0,30.0,60.0,37.0,39.0,53.0,45.0,33.0,27.0,0.0
Metropolitana,13,Macul,13118,134635.0,0,0.0,0.0,2.0,3.0,16.0,23.0,19.0,15.0,23.0,77.0,198.0,448.0,545.0,661.0,577.0,642.0,469.0,386.0,260.0,190.0,157.0,100.0,112.0,87.0,64.0,78.0,54.0,69.0,52.0,54.0,53.0,56.0,54.0,47.0,21.0,44.0,44.0,32.0,23.0,0.0
Metropolitana,13,Maipu,13119,578605.0,0,0.0,0.0,1.0,14.0,51.0,72.0,85.0,97.0,116.0,151.0,436.0,922.0,1379.0,1619.0,1717.0,1842.0,1624.0,1282.0,991.0,697.0,547.0,376.0,326.0,316.0,303.0,228.0,264.0,237.0,277.0,237.0,257.0,249.0,194.0,214.0,214.0,169.0,126.0,153.0,90.0,0.0
Metropolitana,13,Maria Pinto,13504,14926.0,0,0.0,0.0,0.0,0.0,0.0,0.0,0.0,1.0,0.0,2.0,2.0,17.0,24.0,37.0,37.0,43.0,25.0,28.0,48.0,32.0,29.0,23.0,12.0,8.0,10.0,16.0,10.0,5.0,6.0,2.0,6.0,2.0,2.0,0.0,1.0,0.0,1.0,1.0,3.0,0.0
Metropolitana,13,Melipilla,13501,141612.0,0,0.0,0.0,1.0,1.0,6.0,5.0,5.0,9.0,23.0,38.0,88.0,105.0,213.0,357.0,491.0,488.0,422.0,458.0,372.0,301.0,219.0,133.0,83.0,69.0,68.0,94.0,62.0,63.0,147.0,89.0,56.0,89.0,44.0,40.0,38.0,29.0,26.0,43.0,11.0,0.0
Metropolitana,13,Nunoa,13120,250192.0,0,0.0,1.0,1.0,28.0,53.0,43.0,46.0,46.0,66.0,73.0,155.0,376.0,536.0,778.0,671.0,669.0,569.0,390.0,315.0,210.0,189.0,88.0,94.0,112.0,94.0,88.0,78.0,85.0,113.0,89.0,56.0,76.0,60.0,61.0,61.0,55.0,56.0,71.0,19.0,0.0
Metropolitana,13,Padre Hurtado,13604,74188.0,0,0.0,0.0,1.0,0.0,5.0,10.0,6.0,13.0,9.0,16.0,61.0,102.0,170.0,252.0,235.0,285.0,235.0,191.0,176.0,120.0,107.0,50.0,69.0,39.0,35.0,31.0,33.0,29.0,25.0,31.0,19.0,28.0,37.0,41.0,33.0,38.0,37.0,15.0,3.0,0.0
Metropolitana,13,Paine,13404,82766.0,0,0.0,0.0,1.0,0.0,3.0,0.0,4.0,6.0,3.0,5.0,30.0,83.0,89.0,147.0,162.0,272.0,238.0,212.0,193.0,186.0,111.0,69.0,51.0,34.0,69.0,46.0,54.0,85.0,92.0,78.0,82.0,61.0,39.0,23.0,35.0,30.0,31.0,18.0,16.0,0.0
Metropolitana,13,Pedro Aguirre Cerda,13121,107803.0,0,0.0,0.0,0.0,4.0,6.0,16.0,24.0,46.0,33.0,76.0,177.0,376.0,434.0,400.0,508.0,570.0,437.0,353.0,241.0,222.0,154.0,108.0,92.0,85.0,66.0,46.0,44.0,53.0,66.0,35.0,25.0,63.0,23.0,32.0,40.0,28.0,31.0,37.0,28.0,0.0
Metropolitana,13,Penaflor,13605,101058.0,0,0.0,1.0,1.0,5.0,3.0,9.0,6.0,9.0,15.0,27.0,60.0,111.0,213.0,310.0,323.0,337.0,332.0,322.0,215.0,157.0,211.0,75.0,69.0,62.0,56.0,71.0,76.0,55.0,23.0,36.0,36.0,42.0,38.0,46.0,20.0,20.0,25.0,29.0,14.0,0.0
Metropolitana,13,Penalolen,13122,266798.0,0,0.0,1.0,3.0,9.0,28.0,36.0,39.0,51.0,71.0,121.0,409.0,986.0,1339.0,1659.0,1598.0,1435.0,1107.0,841.0,584.0,450.0,331.0,208.0,207.0,178.0,132.0,120.0,145.0,124.0,106.0,95.0,61.0,114.0,73.0,74.0,63.0,65.0,54.0,76.0,46.0,0.0
Metropolitana,13,Pirque,13202,30433.0,0,0.0,0.0,1.0,3.0,1.0,3.0,1.0,5.0,5.0,18.0,39.0,61.0,81.0,158.0,152.0,116.0,117.0,83.0,80.0,74.0,36.0,22.0,16.0,26.0,25.0,18.0,15.0,11.0,23.0,11.0,7.0,8.0,7.0,9.0,7.0,6.0,6.0,9.0,3.0,0.0
Metropolitana,13,Providencia,13123,157749.0,0,0.0,0.0,3.0,30.0,62.0,24.0,25.0,32.0,41.0,40.0,97.0,286.0,333.0,411.0,432.0,302.0,243.0,205.0,185.0,158.0,122.0,69.0,63.0,68.0,71.0,44.0,46.0,33.0,41.0,32.0,41.0,61.0,44.0,32.0,49.0,43.0,45.0,44.0,21.0,0.0
Metropolitana,13,Pudahuel,13124,253139.0,0,0.0,1.0,1.0,2.0,21.0,25.0,36.0,42.0,46.0,149.0,362.0,683.0,1034.0,1310.0,1283.0,1313.0,880.0,754.0,516.0,376.0,332.0,268.0,193.0,180.0,148.0,161.0,218.0,167.0,141.0,114.0,86.0,90.0,87.0,91.0,92.0,73.0,59.0,68.0,40.0,0.0
Metropolitana,13,Puente Alto,13201,645909.0,0,0.0,2.0,3.0,11.0,67.0,104.0,183.0,209.0,333.0,383.0,857.0,1611.0,2236.0,2600.0,2617.0,2834.0,2412.0,1920.0,1481.0,1065.0,736.0,553.0,369.0,466.0,421.0,496.0,380.0,453.0,464.0,366.0,276.0,318.0,289.0,302.0,291.0,225.0,222.0,169.0,122.0,0.0
Metropolitana,13,Quilicura,13125,254694.0,0,0.0,0.0,3.0,3.0,20.0,28.0,45.0,45.0,143.0,332.0,557.0,834.0,972.0,912.0,1050.0,1098.0,899.0,672.0,409.0,334.0,246.0,179.0,163.0,142.0,135.0,117.0,140.0,126.0,112.0,87.0,72.0,87.0,60.0,66.0,74.0,77.0,46.0,54.0,25.0,0.0
Metropolitana,13,Quinta Normal,13126,136368.0,0,0.0,1.0,2.0,6.0,14.0,27.0,40.0,50.0,51.0,99.0,270.0,466.0,584.0,721.0,779.0,681.0,554.0,425.0,334.0,253.0,236.0,113.0,129.0,157.0,139.0,108.0,98.0,101.0,102.0,58.0,36.0,43.0,54.0,43.0,55.0,39.0,56.0,36.0,38.0,0.0
Metropolitana,13,Recoleta,13127,190075.0,0,0.0,0.0,0.0,6.0,14.0,15.0,39.0,46.0,113.0,289.0,741.0,1197.0,1155.0,1009.0,881.0,791.0,588.0,518.0,311.0,255.0,181.0,99.0,125.0,94.0,123.0,98.0,105.0,91.0,108.0,66.0,58.0,52.0,55.0,47.0,60.0,73.0,42.0,51.0,23.0,0.0
Metropolitana,13,Renca,13128,160847.0,0,0.0,0.0,0.0,5.0,7.0,11.0,8.0,36.0,68.0,113.0,307.0,627.0,741.0,853.0,789.0,864.0,805.0,893.0,614.0,492.0,419.0,311.0,304.0,243.0,265.0,208.0,169.0,149.0,192.0,181.0,183.0,166.0,71.0,49.0,53.0,49.0,36.0,54.0,45.0,0.0
Metropolitana,13,San Bernardo,13401,334836.0,0,0.0,0.0,1.0,6.0,22.0,39.0,67.0,82.0,127.0,157.0,352.0,688.0,916.0,1090.0,1303.0,1422.0,1273.0,1090.0,836.0,593.0,423.0,258.0,238.0,214.0,197.0,160.0,167.0,157.0,128.0,127.0,120.0,122.0,130.0,98.0,104.0,131.0,100.0,79.0,56.0,0.0
Metropolitana,13,San Joaquin,13129,103485.0,0,0.0,0.0,0.0,1.0,16.0,24.0,15.0,35.0,42.0,84.0,232.0,508.0,660.0,485.0,514.0,580.0,472.0,352.0,275.0,201.0,192.0,159.0,85.0,91.0,75.0,66.0,66.0,84.0,54.0,43.0,37.0,39.0,31.0,34.0,35.0,27.0,51.0,33.0,30.0,0.0
Metropolitana,13,San Jose de Maipo,13203,18644.0,0,0.0,0.0,0.0,1.0,1.0,1.0,2.0,4.0,1.0,4.0,22.0,49.0,56.0,92.0,68.0,79.0,61.0,43.0,43.0,28.0,31.0,16.0,39.0,27.0,9.0,7.0,5.0,6.0,15.0,14.0,15.0,7.0,5.0,15.0,9.0,8.0,1.0,0.0,0.0,0.0
Metropolitana,13,San Miguel,13130,133059.0,0,0.0,1.0,1.0,3.0,27.0,23.0,27.0,46.0,47.0,78.0,208.0,452.0,520.0,638.0,590.0,657.0,462.0,444.0,261.0,222.0,172.0,125.0,65.0,130.0,93.0,88.0,116.0,59.0,74.0,56.0,52.0,52.0,44.0,74.0,46.0,54.0,53.0,41.0,30.0,0.0
Metropolitana,13,San Pedro,13505,11953.0,0,0.0,0.0,0.0,0.0,0.0,0.0,0.0,0.0,2.0,11.0,7.0,9.0,16.0,16.0,21.0,27.0,11.0,33.0,31.0,18.0,12.0,6.0,2.0,8.0,8.0,13.0,2.0,1.0,3.0,0.0,3.0,1.0,1.0,0.0,1.0,25.0,10.0,6.0,3.0,0.0
Metropolitana,13,San Ramon,13131,86510.0,0,0.0,0.0,0.0,1.0,2.0,11.0,11.0,13.0,42.0,90.0,249.0,457.0,556.0,531.0,462.0,549.0,412.0,299.0,201.0,190.0,167.0,101.0,75.0,61.0,52.0,49.0,48.0,35.0,38.0,40.0,41.0,35.0,30.0,35.0,49.0,38.0,33.0,38.0,20.0,0.0
Metropolitana,13,Santiago,13101,503147.0,0,0.0,1.0,3.0,31.0,99.0,101.0,147.0,167.0,175.0,394.0,966.0,1741.0,1738.0,1865.0,1647.0,1485.0,1195.0,992.0,649.0,518.0,433.0,238.0,191.0,160.0,174.0,139.0,149.0,213.0,180.0,151.0,142.0,166.0,133.0,159.0,145.0,127.0,134.0,109.0,89.0,0.0
Metropolitana,13,Talagante,13601,81838.0,0,0.0,0.0,0.0,0.0,4.0,8.0,7.0,3.0,10.0,10.0,44.0,60.0,100.0,125.0,163.0,191.0,236.0,214.0,194.0,138.0,87.0,53.0,69.0,26.0,33.0,45.0,25.0,17.0,28.0,17.0,13.0,26.0,37.0,30.0,21.0,21.0,25.0,30.0,11.0,0.0
Metropolitana,13,Tiltil,13303,21477.0,0,0.0,0.0,0.0,0.0,2.0,1.0,2.0,1.0,2.0,4.0,10.0,35.0,44.0,60.0,57.0,90.0,61.0,51.0,44.0,39.0,15.0,15.0,14.0,12.0,13.0,13.0,19.0,5.0,5.0,2.0,3.0,3.0,1.0,1.0,7.0,8.0,8.0,13.0,10.0,0.0
Metropolitana,13,Vitacura,13132,96774.0,0,0.0,0.0,6.0,32.0,50.0,29.0,14.0,7.0,6.0,15.0,56.0,165.0,221.0,192.0,157.0,144.0,103.0,100.0,80.0,56.0,36.0,33.0,28.0,39.0,25.0,27.0,29.0,17.0,16.0,25.0,19.0,16.0,29.0,18.0,17.0,21.0,23.0,25.0,15.0,0.0
Metropolitana,13,Desconocido Metropolitana,,,0,0.0,0.0,0.0,4.0,9.0,19.0,50.0,174.0,346.0,499.0,565.0,1044.0,1795.0,2067.0,1297.0,1012.0,1093.0,1113.0,621.0,337.0,209.0,118.0,49.0,54.0,34.0,22.0,36.0,36.0,42.0,36.0,19.0,48.0,33.0,31.0,20.0,18.0,21.0,34.0,29.0,0.0
Metropolitana,13,Total,,8125072.0,0.0,1.0,18.0,71.0,354.0,1025.0,1122.0,1441.0,1907.0,2860.0,5291.0,12467.0,23474.0,30376.0,34052.0,33437.0,33513.0,27518.0,23058.0,16610.0,12614.0,9683.0,6548.0,5471.0,5236.0,4887.0,4329.0,4359.0,4365.0,4348.0,3531.0,2969.0,3324.0,2842.0,2823.0,2699.0,2574.0,2378.0,2333.0,1378.0,1.0
,,,,,,,,,,,,,,,,,,,,,,,,,,,,,,,,,,,,,,,,,,,,,
Del Libertador General Bernardo O’Higgins,06,Chepica,06302,15925.0,0,0.0,0.0,0.0,0.0,0.0,0.0,0.0,0.0,0.0,0.0,0.0,1.0,6.0,0.0,5.0,6.0,22.0,18.0,20.0,16.0,28.0,17.0,13.0,4.0,5.0,12.0,19.0,17.0,12.0,5.0,23.0,10.0,12.0,6.0,4.0,2.0,2.0,2.0,1.0,0.0
Del Libertador General Bernardo O’Higgins,06,Chimbarongo,06303,37696.0,0,0.0,0.0,0.0,0.0,2.0,1.0,0.0,0.0,0.0,1.0,1.0,5.0,13.0,9.0,7.0,12.0,18.0,20.0,28.0,23.0,16.0,16.0,15.0,16.0,8.0,8.0,15.0,19.0,23.0,6.0,14.0,15.0,30.0,12.0,19.0,18.0,24.0,7.0,1.0,0.0
Del Libertador General Bernardo O’Higgins,06,Codegua,06102,14096.0,0,0.0,0.0,0.0,0.0,1.0,0.0,0.0,0.0,0.0,0.0,0.0,1.0,3.0,10.0,11.0,13.0,17.0,21.0,33.0,23.0,27.0,31.0,23.0,11.0,8.0,26.0,25.0,11.0,19.0,10.0,12.0,9.0,11.0,10.0,14.0,4.0,6.0,8.0,0.0,0.0
Del Libertador General Bernardo O’Higgins,06,Coinco,06103,7831.0,0,0.0,0.0,0.0,0.0,0.0,0.0,0.0,0.0,0.0,1.0,0.0,4.0,11.0,8.0,3.0,5.0,7.0,20.0,8.0,14.0,14.0,11.0,5.0,10.0,8.0,4.0,7.0,12.0,7.0,3.0,4.0,1.0,0.0,10.0,2.0,2.0,0.0,5.0,0.0,0.0
Del Libertador General Bernardo O’Higgins,06,Coltauco,06104,21263.0,0,0.0,0.0,0.0,0.0,0.0,0.0,0.0,0.0,0.0,0.0,0.0,15.0,9.0,13.0,3.0,4.0,8.0,20.0,23.0,16.0,27.0,33.0,47.0,30.0,38.0,31.0,46.0,31.0,27.0,13.0,10.0,6.0,12.0,10.0,17.0,11.0,6.0,5.0,3.0,0.0
Del Libertador General Bernardo O’Higgins,06,Donihue,06105,22700.0,0,0.0,0.0,0.0,0.0,0.0,1.0,0.0,0.0,1.0,0.0,5.0,12.0,15.0,12.0,11.0,20.0,31.0,69.0,58.0,57.0,46.0,36.0,23.0,25.0,21.0,20.0,18.0,24.0,35.0,16.0,22.0,12.0,25.0,28.0,23.0,11.0,15.0,19.0,21.0,0.0
Del Libertador General Bernardo O’Higgins,06,Graneros,06106,36504.0,0,0.0,0.0,0.0,0.0,1.0,0.0,0.0,0.0,0.0,3.0,7.0,14.0,21.0,23.0,24.0,31.0,52.0,66.0,68.0,62.0,48.0,34.0,11.0,18.0,39.0,50.0,24.0,30.0,43.0,23.0,32.0,38.0,42.0,36.0,11.0,17.0,9.0,16.0,5.0,0.0
Del Libertador General Bernardo O’Higgins,06,La Estrella,06202,3114.0,0,0.0,0.0,0.0,0.0,0.0,0.0,0.0,0.0,0.0,0.0,0.0,0.0,0.0,0.0,1.0,4.0,6.0,2.0,12.0,6.0,0.0,3.0,1.0,2.0,1.0,0.0,1.0,1.0,0.0,0.0,2.0,2.0,0.0,0.0,0.0,0.0,0.0,1.0,0.0,0.0
Del Libertador General Bernardo O’Higgins,06,Las Cabras,06107,26749.0,0,0.0,0.0,0.0,0.0,0.0,0.0,0.0,1.0,2.0,4.0,3.0,2.0,4.0,3.0,5.0,8.0,17.0,30.0,43.0,29.0,29.0,16.0,14.0,31.0,36.0,60.0,42.0,48.0,37.0,35.0,40.0,28.0,26.0,23.0,31.0,26.0,12.0,8.0,4.0,0.0
Del Libertador General Bernardo O’Higgins,06,Litueche,06203,6765.0,0,0.0,0.0,0.0,0.0,0.0,0.0,0.0,0.0,1.0,5.0,2.0,2.0,3.0,0.0,1.0,6.0,15.0,21.0,8.0,6.0,3.0,2.0,6.0,4.0,5.0,4.0,0.0,0.0,0.0,2.0,0.0,4.0,1.0,0.0,0.0,1.0,2.0,0.0,0.0,0.0
Del Libertador General Bernardo O’Higgins,06,Lolol,06304,7289.0,0,0.0,0.0,0.0,0.0,0.0,0.0,0.0,0.0,0.0,0.0,0.0,1.0,2.0,1.0,10.0,5.0,7.0,5.0,13.0,1.0,0.0,0.0,0.0,6.0,6.0,3.0,6.0,1.0,6.0,1.0,0.0,0.0,0.0,6.0,14.0,5.0,8.0,4.0,0.0,0.0
Del Libertador General Bernardo O’Higgins,06,Machali,06108,59913.0,0,0.0,0.0,0.0,1.0,4.0,1.0,0.0,4.0,0.0,5.0,5.0,9.0,18.0,23.0,35.0,56.0,104.0,224.0,193.0,121.0,64.0,57.0,36.0,37.0,23.0,25.0,27.0,56.0,42.0,23.0,23.0,20.0,25.0,33.0,17.0,18.0,10.0,32.0,9.0,0.0
Del Libertador General Bernardo O’Higgins,06,Malloa,06109,14163.0,0,0.0,0.0,0.0,0.0,0.0,0.0,0.0,0.0,0.0,0.0,0.0,1.0,3.0,3.0,4.0,6.0,11.0,14.0,16.0,10.0,15.0,23.0,18.0,11.0,4.0,11.0,12.0,7.0,10.0,15.0,15.0,14.0,22.0,7.0,17.0,16.0,13.0,7.0,5.0,0.0
Del Libertador General Bernardo O’Higgins,06,Marchihue,06204,7632.0,0,0.0,0.0,0.0,0.0,0.0,0.0,0.0,0.0,0.0,0.0,0.0,0.0,0.0,1.0,3.0,0.0,5.0,3.0,1.0,4.0,2.0,5.0,2.0,2.0,1.0,0.0,0.0,9.0,4.0,2.0,0.0,1.0,0.0,1.0,0.0,1.0,4.0,6.0,0.0,0.0
Del Libertador General Bernardo O’Higgins,06,Mostazal,06110,27462.0,0,0.0,0.0,0.0,0.0,0.0,0.0,0.0,0.0,0.0,0.0,3.0,4.0,6.0,15.0,21.0,28.0,23.0,25.0,40.0,31.0,18.0,15.0,15.0,16.0,10.0,23.0,16.0,15.0,29.0,19.0,7.0,15.0,10.0,11.0,21.0,20.0,14.0,12.0,6.0,0.0
Del Libertador General Bernardo O’Higgins,06,Nancagua,06305,19141.0,0,0.0,0.0,0.0,0.0,0.0,0.0,0.0,0.0,0.0,0.0,1.0,1.0,11.0,5.0,9.0,8.0,12.0,8.0,7.0,12.0,10.0,5.0,3.0,4.0,15.0,6.0,13.0,15.0,28.0,12.0,11.0,10.0,7.0,10.0,6.0,8.0,5.0,2.0,0.0,0.0
Del Libertador General Bernardo O’Higgins,06,Navidad,06205,6904.0,0,0.0,0.0,0.0,0.0,0.0,0.0,0.0,0.0,0.0,3.0,0.0,6.0,2.0,6.0,1.0,11.0,11.0,9.0,6.0,9.0,3.0,3.0,2.0,2.0,0.0,0.0,0.0,0.0,1.0,0.0,0.0,1.0,1.0,3.0,0.0,3.0,0.0,0.0,0.0,0.0
Del Libertador General Bernardo O’Higgins,06,Olivar,06111,14624.0,0,0.0,0.0,0.0,0.0,0.0,1.0,2.0,3.0,1.0,0.0,0.0,7.0,4.0,12.0,5.0,13.0,16.0,28.0,33.0,37.0,19.0,9.0,16.0,12.0,18.0,13.0,19.0,8.0,15.0,9.0,17.0,28.0,11.0,10.0,13.0,3.0,1.0,3.0,4.0,0.0
Del Libertador General Bernardo O’Higgins,06,Palmilla,06306,13299.0,0,0.0,0.0,0.0,0.0,0.0,0.0,0.0,0.0,0.0,1.0,0.0,0.0,2.0,3.0,1.0,5.0,8.0,4.0,3.0,2.0,9.0,2.0,3.0,16.0,4.0,16.0,35.0,28.0,19.0,14.0,6.0,2.0,2.0,8.0,4.0,7.0,3.0,6.0,8.0,0.0
Del Libertador General Bernardo O’Higgins,06,Paredones,06206,6349.0,0,0.0,0.0,0.0,0.0,0.0,0.0,0.0,0.0,0.0,0.0,0.0,0.0,2.0,2.0,1.0,3.0,3.0,1.0,0.0,3.0,1.0,4.0,2.0,7.0,1.0,2.0,2.0,1.0,0.0,1.0,3.0,5.0,4.0,4.0,2.0,5.0,11.0,7.0,7.0,0.0
Del Libertador General Bernardo O’Higgins,06,Peralillo,06307,11848.0,0,0.0,0.0,0.0,0.0,0.0,0.0,0.0,0.0,0.0,0.0,0.0,0.0,2.0,7.0,7.0,12.0,10.0,1.0,6.0,3.0,2.0,2.0,3.0,6.0,2.0,5.0,4.0,5.0,12.0,4.0,14.0,16.0,3.0,8.0,9.0,3.0,1.0,0.0,1.0,0.0
Del Libertador General Bernardo O’Higgins,06,Peumo,06112,14952.0,0,0.0,0.0,0.0,0.0,0.0,1.0,0.0,0.0,0.0,0.0,2.0,3.0,2.0,2.0,2.0,1.0,2.0,5.0,6.0,2.0,15.0,21.0,8.0,19.0,22.0,18.0,24.0,31.0,29.0,37.0,15.0,19.0,14.0,18.0,14.0,13.0,3.0,4.0,1.0,0.0
Del Libertador General Bernardo O’Higgins,06,Pichidegua,06113,20743.0,0,0.0,0.0,0.0,0.0,0.0,0.0,0.0,0.0,0.0,0.0,1.0,3.0,8.0,3.0,3.0,7.0,9.0,15.0,23.0,27.0,21.0,17.0,22.0,52.0,51.0,37.0,48.0,44.0,66.0,71.0,40.0,46.0,18.0,26.0,26.0,23.0,8.0,6.0,4.0,0.0
Del Libertador General Bernardo O’Higgins,06,Pichilemu,06201,17882.0,0,0.0,0.0,0.0,0.0,0.0,0.0,0.0,0.0,0.0,0.0,2.0,2.0,4.0,7.0,4.0,2.0,6.0,6.0,4.0,0.0,12.0,4.0,2.0,0.0,1.0,0.0,3.0,4.0,2.0,4.0,8.0,4.0,4.0,1.0,10.0,2.0,8.0,20.0,11.0,0.0
Del Libertador General Bernardo O’Higgins,06,Placilla,06308,9164.0,0,0.0,0.0,0.0,0.0,0.0,1.0,0.0,0.0,0.0,0.0,0.0,1.0,4.0,2.0,6.0,10.0,3.0,2.0,7.0,11.0,7.0,6.0,3.0,0.0,9.0,2.0,2.0,5.0,28.0,17.0,5.0,4.0,9.0,6.0,2.0,2.0,4.0,2.0,1.0,0.0
Del Libertador General Bernardo O’Higgins,06,Pumanque,06309,3531.0,0,0.0,0.0,0.0,0.0,0.0,0.0,0.0,0.0,0.0,0.0,0.0,0.0,0.0,0.0,2.0,0.0,1.0,1.0,0.0,0.0,0.0,0.0,0.0,0.0,1.0,0.0,0.0,1.0,2.0,3.0,0.0,0.0,0.0,1.0,0.0,1.0,3.0,3.0,2.0,0.0
Del Libertador General Bernardo O’Higgins,06,Quinta de Tilcoco,06114,13877.0,0,0.0,0.0,0.0,0.0,1.0,0.0,0.0,0.0,0.0,0.0,0.0,0.0,1.0,1.0,4.0,2.0,10.0,16.0,20.0,15.0,11.0,16.0,12.0,14.0,6.0,4.0,1.0,5.0,6.0,9.0,7.0,3.0,6.0,6.0,9.0,5.0,2.0,2.0,0.0,0.0
Del Libertador General Bernardo O’Higgins,06,Rancagua,06101,265211.0,0,0.0,0.0,0.0,0.0,8.0,4.0,6.0,4.0,8.0,12.0,25.0,87.0,176.0,228.0,276.0,429.0,659.0,1108.0,940.0,700.0,516.0,290.0,173.0,219.0,242.0,248.0,252.0,319.0,271.0,278.0,232.0,230.0,203.0,170.0,171.0,140.0,89.0,117.0,54.0,0.0
Del Libertador General Bernardo O’Higgins,06,Rengo,06115,63710.0,0,0.0,0.0,0.0,0.0,1.0,2.0,0.0,0.0,4.0,5.0,3.0,8.0,20.0,30.0,27.0,49.0,69.0,119.0,139.0,138.0,178.0,120.0,96.0,74.0,89.0,49.0,45.0,25.0,40.0,25.0,18.0,35.0,41.0,67.0,46.0,39.0,16.0,10.0,9.0,0.0
Del Libertador General Bernardo O’Higgins,06,Requinoa,06116,30371.0,0,0.0,0.0,0.0,0.0,2.0,0.0,0.0,0.0,0.0,2.0,1.0,4.0,5.0,13.0,20.0,16.0,39.0,75.0,60.0,52.0,44.0,27.0,22.0,28.0,14.0,13.0,19.0,20.0,9.0,7.0,7.0,20.0,26.0,9.0,16.0,8.0,4.0,11.0,4.0,0.0
Del Libertador General Bernardo O’Higgins,06,San Fernando,06301,78642.0,0,0.0,0.0,0.0,0.0,2.0,1.0,1.0,0.0,2.0,0.0,2.0,8.0,9.0,23.0,16.0,22.0,27.0,54.0,62.0,50.0,60.0,57.0,55.0,71.0,75.0,68.0,77.0,110.0,98.0,73.0,96.0,92.0,100.0,61.0,76.0,62.0,37.0,45.0,35.0,0.0
Del Libertador General Bernardo O’Higgins,06,San Vicente,06117,50617.0,0,0.0,0.0,0.0,0.0,0.0,3.0,1.0,0.0,0.0,3.0,3.0,16.0,27.0,16.0,14.0,24.0,37.0,55.0,52.0,52.0,52.0,56.0,48.0,71.0,98.0,57.0,44.0,46.0,49.0,43.0,47.0,43.0,43.0,63.0,55.0,29.0,20.0,16.0,4.0,0.0
Del Libertador General Bernardo O’Higgins,06,Santa Cruz,06310,41096.0,0,0.0,0.0,0.0,0.0,0.0,1.0,0.0,0.0,1.0,1.0,0.0,4.0,5.0,9.0,7.0,18.0,21.0,15.0,20.0,22.0,24.0,12.0,21.0,46.0,43.0,37.0,57.0,70.0,89.0,59.0,23.0,15.0,14.0,11.0,16.0,7.0,16.0,8.0,16.0,0.0
Del Libertador General Bernardo O’Higgins,06,Desconocido O’Higgins,,,0,0.0,0.0,0.0,0.0,0.0,0.0,0.0,1.0,0.0,0.0,0.0,1.0,1.0,2.0,0.0,6.0,1.0,6.0,7.0,2.0,6.0,2.0,5.0,0.0,1.0,0.0,0.0,5.0,1.0,2.0,4.0,3.0,3.0,0.0,0.0,0.0,0.0,1.0,5.0,0.0
Del Libertador General Bernardo O’Higgins,06,Total,,991063.0,0.0,0.0,0.0,0.0,1.0,22.0,17.0,10.0,13.0,20.0,46.0,66.0,222.0,399.0,492.0,549.0,842.0,1287.0,2086.0,1959.0,1556.0,1327.0,952.0,725.0,864.0,905.0,852.0,903.0,1023.0,1059.0,841.0,757.0,751.0,725.0,675.0,665.0,512.0,356.0,395.0,221.0,0.0
,,,,,,,,,,,,,,,,,,,,,,,,,,,,,,,,,,,,,,,,,,,,,
Maule,07,Cauquenes,07201,44143.0,0,0.0,0.0,0.0,0.0,0.0,2.0,3.0,1.0,8.0,2.0,1.0,4.0,13.0,14.0,52.0,54.0,46.0,50.0,44.0,28.0,43.0,19.0,13.0,6.0,5.0,7.0,7.0,9.0,10.0,16.0,8.0,12.0,4.0,15.0,15.0,16.0,10.0,8.0,2.0,0.0
Maule,07,Chanco,07202,9331.0,0,0.0,0.0,0.0,0.0,0.0,1.0,0.0,0.0,1.0,1.0,0.0,1.0,0.0,1.0,0.0,8.0,6.0,9.0,0.0,1.0,10.0,6.0,2.0,1.0,3.0,4.0,7.0,3.0,9.0,9.0,6.0,4.0,15.0,5.0,7.0,5.0,14.0,1.0,0.0,0.0
Maule,07,Colbun,07402,22565.0,0,0.0,0.0,0.0,0.0,0.0,3.0,3.0,0.0,0.0,0.0,1.0,4.0,9.0,12.0,15.0,10.0,22.0,24.0,15.0,22.0,16.0,18.0,24.0,9.0,29.0,22.0,17.0,12.0,9.0,9.0,12.0,19.0,25.0,8.0,22.0,18.0,18.0,6.0,3.0,0.0
Maule,07,Constitucion,07102,50348.0,0,0.0,0.0,0.0,0.0,0.0,3.0,3.0,5.0,7.0,4.0,1.0,2.0,3.0,5.0,6.0,20.0,24.0,45.0,53.0,37.0,39.0,55.0,47.0,20.0,31.0,21.0,13.0,15.0,23.0,15.0,3.0,4.0,4.0,13.0,16.0,11.0,10.0,4.0,13.0,0.0
Maule,07,Curepto,07103,9426.0,0,0.0,0.0,0.0,0.0,0.0,0.0,2.0,2.0,4.0,0.0,1.0,1.0,2.0,0.0,1.0,1.0,3.0,10.0,6.0,5.0,2.0,4.0,4.0,5.0,18.0,23.0,9.0,17.0,3.0,5.0,3.0,7.0,5.0,4.0,7.0,2.0,1.0,1.0,1.0,0.0
Maule,07,Curico,07301,163626.0,0,0.0,0.0,1.0,2.0,3.0,6.0,3.0,12.0,10.0,9.0,11.0,19.0,43.0,148.0,195.0,280.0,263.0,239.0,220.0,165.0,157.0,136.0,147.0,94.0,73.0,68.0,48.0,67.0,83.0,100.0,96.0,126.0,113.0,129.0,140.0,89.0,87.0,98.0,47.0,0.0
Maule,07,Empedrado,07104,4206.0,0,0.0,0.0,0.0,0.0,0.0,0.0,0.0,0.0,0.0,0.0,0.0,0.0,0.0,0.0,0.0,2.0,6.0,14.0,4.0,1.0,2.0,1.0,1.0,1.0,1.0,0.0,3.0,3.0,3.0,1.0,0.0,0.0,0.0,0.0,2.0,1.0,0.0,0.0,3.0,0.0
Maule,07,Hualane,07302,10222.0,0,0.0,0.0,0.0,0.0,0.0,0.0,0.0,0.0,1.0,0.0,0.0,0.0,3.0,15.0,29.0,29.0,20.0,11.0,4.0,1.0,0.0,2.0,0.0,0.0,0.0,1.0,1.0,2.0,2.0,0.0,6.0,7.0,2.0,2.0,1.0,0.0,0.0,0.0,1.0,0.0
Maule,07,Licanten,07303,6989.0,0,0.0,0.0,0.0,0.0,0.0,0.0,1.0,0.0,1.0,0.0,0.0,0.0,0.0,0.0,2.0,5.0,4.0,5.0,1.0,0.0,1.0,1.0,1.0,2.0,2.0,0.0,0.0,2.0,26.0,68.0,26.0,6.0,1.0,2.0,0.0,0.0,0.0,3.0,0.0,0.0
Maule,07,Linares,07401,101073.0,0,0.0,1.0,0.0,0.0,2.0,5.0,5.0,4.0,6.0,3.0,4.0,12.0,17.0,18.0,30.0,41.0,80.0,92.0,74.0,82.0,85.0,64.0,68.0,72.0,64.0,84.0,128.0,75.0,96.0,52.0,40.0,33.0,21.0,28.0,22.0,36.0,31.0,31.0,33.0,0.0
Maule,07,Longavi,07403,32810.0,0,0.0,0.0,0.0,0.0,1.0,0.0,1.0,1.0,1.0,0.0,2.0,5.0,12.0,11.0,23.0,29.0,52.0,33.0,26.0,27.0,26.0,7.0,12.0,12.0,26.0,13.0,24.0,38.0,63.0,45.0,43.0,32.0,28.0,21.0,11.0,4.0,3.0,6.0,3.0,0.0
Maule,07,Maule,07105,60000.0,0,0.0,0.0,0.0,0.0,1.0,1.0,2.0,6.0,11.0,3.0,0.0,3.0,13.0,13.0,28.0,30.0,36.0,48.0,35.0,53.0,45.0,61.0,50.0,25.0,48.0,47.0,34.0,29.0,58.0,58.0,56.0,65.0,51.0,56.0,40.0,32.0,34.0,17.0,30.0,0.0
Maule,07,Molina,07304,49800.0,0,0.0,0.0,0.0,0.0,1.0,2.0,0.0,1.0,3.0,0.0,0.0,2.0,4.0,9.0,21.0,23.0,22.0,44.0,46.0,20.0,31.0,17.0,23.0,24.0,35.0,23.0,27.0,53.0,113.0,60.0,43.0,77.0,37.0,24.0,25.0,20.0,19.0,10.0,3.0,0.0
Maule,07,Parral,07404,44544.0,0,0.0,0.0,0.0,0.0,1.0,3.0,2.0,2.0,1.0,0.0,0.0,6.0,5.0,41.0,55.0,23.0,18.0,18.0,10.0,17.0,15.0,11.0,11.0,10.0,14.0,7.0,12.0,19.0,41.0,45.0,65.0,32.0,24.0,36.0,18.0,23.0,29.0,64.0,46.0,0.0
Maule,07,Pelarco,07106,9083.0,0,0.0,0.0,0.0,0.0,0.0,0.0,0.0,3.0,2.0,0.0,2.0,4.0,5.0,4.0,5.0,6.0,4.0,3.0,3.0,3.0,14.0,23.0,34.0,16.0,4.0,1.0,5.0,4.0,1.0,5.0,1.0,2.0,3.0,0.0,0.0,3.0,3.0,1.0,1.0,0.0
Maule,07,Pelluhue,07203,8092.0,0,0.0,0.0,0.0,0.0,1.0,0.0,0.0,1.0,0.0,0.0,0.0,1.0,6.0,1.0,9.0,12.0,16.0,10.0,0.0,3.0,1.0,2.0,5.0,3.0,4.0,2.0,17.0,5.0,0.0,3.0,2.0,5.0,7.0,2.0,4.0,3.0,3.0,1.0,1.0,0.0
Maule,07,Pencahue,07107,8601.0,0,0.0,0.0,0.0,0.0,0.0,0.0,0.0,0.0,3.0,0.0,0.0,0.0,0.0,8.0,4.0,2.0,6.0,3.0,6.0,10.0,8.0,3.0,2.0,1.0,0.0,8.0,6.0,22.0,16.0,10.0,9.0,4.0,7.0,1.0,2.0,0.0,0.0,2.0,1.0,0.0
Maule,07,Rauco,07305,11248.0,0,0.0,0.0,0.0,0.0,0.0,1.0,1.0,0.0,1.0,0.0,0.0,1.0,1.0,7.0,6.0,8.0,15.0,5.0,10.0,8.0,17.0,18.0,9.0,5.0,3.0,5.0,2.0,2.0,0.0,7.0,13.0,9.0,7.0,15.0,12.0,8.0,12.0,11.0,2.0,0.0
Maule,07,Retiro,07405,21071.0,0,0.0,0.0,0.0,0.0,0.0,0.0,0.0,1.0,0.0,0.0,1.0,0.0,1.0,17.0,42.0,14.0,18.0,11.0,12.0,13.0,3.0,2.0,8.0,12.0,10.0,6.0,4.0,19.0,30.0,15.0,24.0,22.0,23.0,12.0,7.0,11.0,15.0,9.0,8.0,0.0
Maule,07,Rio Claro,07108,14753.0,0,0.0,0.0,0.0,0.0,2.0,0.0,1.0,1.0,3.0,2.0,0.0,2.0,2.0,2.0,8.0,3.0,4.0,13.0,13.0,18.0,2.0,4.0,14.0,9.0,13.0,2.0,3.0,11.0,13.0,15.0,17.0,16.0,8.0,7.0,2.0,4.0,3.0,5.0,15.0,0.0
Maule,07,Romeral,07306,16170.0,0,0.0,0.0,0.0,0.0,1.0,2.0,0.0,0.0,10.0,0.0,0.0,0.0,5.0,13.0,20.0,24.0,37.0,58.0,34.0,13.0,7.0,18.0,17.0,22.0,15.0,10.0,3.0,1.0,1.0,4.0,24.0,15.0,3.0,2.0,8.0,9.0,4.0,1.0,1.0,0.0
Maule,07,Sagrada Familia,07307,19469.0,0,0.0,0.0,0.0,0.0,0.0,0.0,1.0,0.0,1.0,0.0,0.0,1.0,0.0,3.0,7.0,18.0,8.0,10.0,11.0,11.0,9.0,7.0,5.0,9.0,15.0,6.0,6.0,6.0,9.0,31.0,3.0,4.0,2.0,6.0,3.0,1.0,3.0,16.0,5.0,0.0
Maule,07,San Clemente,07109,46292.0,0,0.0,0.0,1.0,0.0,0.0,0.0,1.0,2.0,6.0,1.0,7.0,7.0,13.0,18.0,21.0,39.0,43.0,57.0,87.0,77.0,59.0,47.0,26.0,26.0,54.0,23.0,33.0,40.0,109.0,68.0,68.0,41.0,16.0,17.0,8.0,10.0,17.0,10.0,1.0,0.0
Maule,07,San Javier,07406,49451.0,0,0.0,0.0,0.0,0.0,0.0,2.0,7.0,4.0,7.0,4.0,3.0,7.0,8.0,9.0,22.0,53.0,41.0,43.0,30.0,47.0,53.0,47.0,74.0,38.0,25.0,15.0,11.0,28.0,42.0,53.0,28.0,39.0,29.0,36.0,36.0,62.0,52.0,34.0,23.0,0.0
Maule,07,San Rafael,07110,9959.0,0,0.0,0.0,0.0,0.0,0.0,1.0,0.0,1.0,1.0,0.0,0.0,5.0,10.0,28.0,7.0,17.0,8.0,11.0,14.0,12.0,6.0,3.0,3.0,3.0,11.0,17.0,19.0,13.0,6.0,8.0,16.0,10.0,10.0,3.0,8.0,5.0,15.0,6.0,14.0,0.0
Maule,07,Talca,07101,236724.0,0,0.0,0.0,3.0,9.0,13.0,19.0,11.0,15.0,73.0,18.0,13.0,21.0,51.0,75.0,84.0,169.0,203.0,251.0,242.0,220.0,141.0,120.0,105.0,124.0,174.0,153.0,151.0,164.0,235.0,302.0,304.0,278.0,257.0,252.0,212.0,162.0,174.0,126.0,74.0,0.0
Maule,07,Teno,07308,30850.0,0,0.0,0.0,0.0,0.0,0.0,0.0,0.0,1.0,1.0,1.0,3.0,1.0,3.0,4.0,7.0,12.0,32.0,31.0,30.0,33.0,23.0,28.0,41.0,27.0,24.0,18.0,23.0,23.0,31.0,20.0,22.0,51.0,17.0,13.0,8.0,8.0,4.0,15.0,14.0,0.0
Maule,07,Vichuquen,07309,4381.0,0,0.0,0.0,0.0,0.0,0.0,0.0,0.0,0.0,0.0,0.0,0.0,0.0,0.0,0.0,0.0,0.0,0.0,0.0,0.0,1.0,1.0,4.0,0.0,0.0,0.0,0.0,0.0,0.0,0.0,0.0,3.0,4.0,3.0,1.0,1.0,0.0,0.0,0.0,0.0,0.0
Maule,07,Villa Alegre,07407,17512.0,0,0.0,0.0,0.0,0.0,0.0,0.0,0.0,1.0,1.0,0.0,0.0,1.0,2.0,0.0,9.0,18.0,9.0,12.0,15.0,23.0,12.0,30.0,11.0,5.0,5.0,9.0,15.0,13.0,1.0,6.0,4.0,8.0,15.0,8.0,11.0,3.0,9.0,11.0,5.0,0.0
Maule,07,Yerbas Buenas,07408,19200.0,0,0.0,0.0,0.0,0.0,0.0,0.0,0.0,1.0,0.0,2.0,0.0,4.0,9.0,12.0,23.0,12.0,15.0,10.0,7.0,3.0,7.0,13.0,5.0,16.0,14.0,9.0,17.0,7.0,16.0,20.0,9.0,10.0,7.0,15.0,6.0,6.0,5.0,5.0,17.0,0.0
Maule,07,Desconocido Maule,,,0,0.0,0.0,0.0,0.0,0.0,0.0,0.0,0.0,0.0,0.0,0.0,0.0,0.0,0.0,0.0,0.0,0.0,0.0,0.0,0.0,0.0,0.0,0.0,0.0,0.0,0.0,1.0,0.0,0.0,0.0,0.0,2.0,0.0,0.0,0.0,2.0,0.0,1.0,0.0,0.0
Maule,07,Total,,1131939.0,0.0,0.0,1.0,5.0,11.0,26.0,51.0,47.0,65.0,163.0,50.0,50.0,114.0,240.0,488.0,731.0,962.0,1061.0,1170.0,1052.0,954.0,835.0,771.0,762.0,597.0,720.0,604.0,646.0,702.0,1049.0,1050.0,954.0,944.0,744.0,733.0,654.0,554.0,575.0,503.0,367.0,0.0
,,,,,,,,,,,,,,,,,,,,,,,,,,,,,,,,,,,,,,,,,,,,,
Nuble,16,Bulnes,16102,22607.0,0,0.0,0.0,0.0,0.0,9.0,27.0,10.0,7.0,8.0,8.0,9.0,24.0,44.0,26.0,18.0,19.0,16.0,19.0,13.0,30.0,37.0,20.0,35.0,35.0,51.0,53.0,37.0,35.0,55.0,38.0,30.0,14.0,15.0,24.0,30.0,27.0,11.0,10.0,14.0,0.0
Nuble,16,Chillan,16101,198624.0,0,0.0,0.0,1.0,28.0,119.0,117.0,75.0,33.0,25.0,17.0,17.0,21.0,65.0,59.0,69.0,112.0,123.0,177.0,140.0,170.0,181.0,107.0,77.0,87.0,112.0,122.0,273.0,314.0,367.0,340.0,209.0,161.0,130.0,162.0,182.0,191.0,193.0,180.0,146.0,0.0
Nuble,16,Chillan Viejo,16103,33827.0,0,0.0,0.0,0.0,5.0,7.0,19.0,7.0,14.0,3.0,1.0,0.0,4.0,15.0,22.0,12.0,26.0,21.0,25.0,23.0,23.0,28.0,22.0,6.0,11.0,18.0,15.0,34.0,59.0,25.0,44.0,21.0,39.0,17.0,11.0,27.0,14.0,13.0,26.0,21.0,0.0
Nuble,16,Cobquecura,16202,5275.0,0,0.0,0.0,0.0,0.0,0.0,0.0,0.0,0.0,0.0,0.0,0.0,0.0,0.0,0.0,0.0,0.0,0.0,0.0,0.0,0.0,2.0,1.0,1.0,0.0,8.0,9.0,1.0,0.0,5.0,7.0,5.0,4.0,1.0,1.0,1.0,7.0,1.0,0.0,1.0,0.0
Nuble,16,Coelemu,16203,16845.0,0,0.0,0.0,0.0,0.0,0.0,2.0,2.0,0.0,0.0,0.0,0.0,0.0,2.0,6.0,10.0,8.0,9.0,18.0,4.0,1.0,10.0,1.0,5.0,3.0,6.0,5.0,0.0,5.0,15.0,25.0,13.0,16.0,19.0,16.0,9.0,5.0,12.0,9.0,6.0,0.0
Nuble,16,Coihueco,16302,28375.0,0,0.0,0.0,0.0,0.0,2.0,3.0,4.0,6.0,12.0,12.0,3.0,1.0,8.0,1.0,1.0,5.0,12.0,18.0,11.0,32.0,41.0,23.0,12.0,10.0,12.0,12.0,29.0,19.0,27.0,55.0,51.0,78.0,52.0,27.0,10.0,15.0,20.0,22.0,7.0,0.0
Nuble,16,El Carmen,16104,12334.0,0,0.0,0.0,0.0,0.0,2.0,0.0,1.0,0.0,0.0,0.0,0.0,1.0,3.0,7.0,15.0,4.0,15.0,11.0,7.0,7.0,16.0,3.0,5.0,6.0,0.0,1.0,13.0,22.0,20.0,12.0,5.0,5.0,0.0,2.0,11.0,13.0,12.0,1.0,0.0,0.0
Nuble,16,Ninhue,16204,5414.0,0,0.0,0.0,0.0,0.0,0.0,0.0,2.0,0.0,2.0,0.0,0.0,0.0,1.0,3.0,2.0,2.0,7.0,7.0,11.0,4.0,2.0,1.0,5.0,2.0,1.0,2.0,1.0,1.0,5.0,5.0,3.0,0.0,1.0,1.0,1.0,0.0,0.0,3.0,1.0,0.0
Nuble,16,Niquen,16303,11567.0,0,0.0,0.0,0.0,0.0,1.0,0.0,1.0,2.0,0.0,0.0,1.0,0.0,5.0,3.0,11.0,17.0,18.0,5.0,5.0,1.0,5.0,8.0,6.0,3.0,5.0,29.0,14.0,6.0,5.0,9.0,4.0,1.0,4.0,2.0,1.0,0.0,0.0,2.0,16.0,0.0
Nuble,16,Pemuco,16105,8639.0,0,0.0,0.0,0.0,0.0,1.0,0.0,4.0,1.0,0.0,0.0,0.0,3.0,1.0,2.0,5.0,5.0,20.0,32.0,5.0,8.0,11.0,3.0,1.0,1.0,1.0,0.0,7.0,11.0,8.0,12.0,6.0,2.0,1.0,1.0,1.0,4.0,2.0,5.0,0.0,0.0
Nuble,16,Pinto,16106,11880.0,0,0.0,0.0,0.0,0.0,2.0,3.0,5.0,1.0,1.0,0.0,0.0,0.0,3.0,0.0,2.0,1.0,4.0,8.0,9.0,4.0,16.0,5.0,3.0,3.0,2.0,2.0,7.0,5.0,5.0,17.0,14.0,14.0,14.0,5.0,3.0,5.0,1.0,4.0,4.0,0.0
Nuble,16,Portezuelo,16205,4940.0,0,0.0,0.0,0.0,0.0,0.0,0.0,0.0,0.0,0.0,0.0,0.0,1.0,4.0,2.0,0.0,0.0,0.0,4.0,0.0,1.0,5.0,4.0,0.0,0.0,2.0,0.0,2.0,5.0,3.0,5.0,2.0,3.0,4.0,4.0,4.0,1.0,1.0,0.0,1.0,0.0
Nuble,16,Quillon,16107,18777.0,0,0.0,0.0,0.0,0.0,8.0,8.0,8.0,1.0,0.0,2.0,2.0,2.0,9.0,6.0,14.0,25.0,20.0,15.0,7.0,15.0,30.0,4.0,8.0,4.0,5.0,5.0,17.0,36.0,38.0,23.0,28.0,8.0,12.0,3.0,3.0,14.0,27.0,24.0,14.0,0.0
Nuble,16,Quirihue,16201,12192.0,0,0.0,0.0,0.0,0.0,0.0,1.0,2.0,0.0,1.0,0.0,1.0,7.0,4.0,1.0,5.0,1.0,1.0,9.0,9.0,6.0,13.0,1.0,8.0,7.0,13.0,17.0,15.0,9.0,7.0,7.0,7.0,7.0,13.0,10.0,11.0,33.0,22.0,17.0,9.0,0.0
Nuble,16,Ranquil,16206,6261.0,0,0.0,0.0,0.0,0.0,1.0,3.0,6.0,0.0,0.0,0.0,0.0,1.0,0.0,0.0,0.0,1.0,4.0,6.0,2.0,0.0,6.0,6.0,5.0,1.0,6.0,1.0,5.0,3.0,3.0,9.0,1.0,6.0,8.0,7.0,6.0,4.0,7.0,5.0,4.0,0.0
Nuble,16,San Carlos,16301,56252.0,0,0.0,0.0,0.0,2.0,5.0,11.0,9.0,2.0,3.0,3.0,3.0,7.0,7.0,13.0,29.0,62.0,90.0,55.0,47.0,61.0,38.0,30.0,17.0,6.0,17.0,18.0,31.0,47.0,23.0,47.0,25.0,21.0,9.0,22.0,19.0,14.0,11.0,25.0,0.0,0.0
Nuble,16,San Fabian,16304,4654.0,0,0.0,0.0,0.0,0.0,3.0,3.0,1.0,0.0,1.0,0.0,0.0,0.0,0.0,1.0,0.0,0.0,0.0,0.0,0.0,0.0,3.0,1.0,1.0,1.0,1.0,0.0,0.0,2.0,3.0,7.0,5.0,7.0,0.0,3.0,0.0,0.0,0.0,0.0,0.0,0.0
Nuble,16,San Ignacio,16108,16624.0,0,0.0,0.0,0.0,0.0,2.0,3.0,1.0,0.0,1.0,3.0,3.0,1.0,2.0,6.0,8.0,9.0,53.0,32.0,6.0,6.0,14.0,18.0,5.0,4.0,2.0,0.0,4.0,8.0,3.0,17.0,2.0,3.0,4.0,3.0,1.0,3.0,3.0,3.0,4.0,0.0
Nuble,16,San Nicolas,16305,12172.0,0,0.0,0.0,0.0,0.0,2.0,6.0,5.0,4.0,0.0,0.0,0.0,2.0,3.0,9.0,8.0,10.0,5.0,3.0,10.0,15.0,21.0,7.0,6.0,12.0,7.0,2.0,8.0,11.0,15.0,15.0,14.0,8.0,1.0,2.0,2.0,2.0,2.0,9.0,4.0,0.0
Nuble,16,Treguaco,16207,5696.0,0,0.0,0.0,0.0,0.0,0.0,0.0,0.0,0.0,0.0,0.0,0.0,0.0,1.0,0.0,0.0,1.0,0.0,1.0,0.0,0.0,2.0,1.0,2.0,0.0,7.0,2.0,7.0,16.0,19.0,6.0,1.0,5.0,6.0,4.0,3.0,0.0,2.0,8.0,2.0,0.0
Nuble,16,Yungay,16109,18596.0,0,0.0,0.0,0.0,0.0,3.0,16.0,21.0,3.0,4.0,6.0,2.0,2.0,2.0,0.0,6.0,2.0,5.0,11.0,14.0,3.0,13.0,7.0,15.0,1.0,8.0,4.0,5.0,2.0,5.0,13.0,16.0,5.0,5.0,0.0,3.0,1.0,7.0,9.0,3.0,0.0
Nuble,16,Desconocido Nuble,,,0,0.0,0.0,0.0,0.0,0.0,0.0,0.0,0.0,0.0,0.0,0.0,0.0,0.0,0.0,0.0,0.0,0.0,0.0,0.0,0.0,1.0,0.0,0.0,0.0,0.0,0.0,1.0,0.0,0.0,0.0,0.0,0.0,0.0,0.0,0.0,0.0,0.0,0.0,0.0,0.0
Nuble,16,Total,,511551.0,0.0,0.0,0.0,1.0,35.0,167.0,222.0,164.0,74.0,61.0,52.0,41.0,77.0,179.0,167.0,215.0,310.0,423.0,456.0,323.0,387.0,495.0,273.0,223.0,197.0,284.0,299.0,511.0,616.0,656.0,713.0,462.0,407.0,316.0,310.0,328.0,353.0,347.0,362.0,257.0,0.0
,,,,,,,,,,,,,,,,,,,,,,,,,,,,,,,,,,,,,,,,,,,,,
Biobio,08,Alto Biobio,08314,6775.0,0,0.0,0.0,0.0,0.0,0.0,0.0,0.0,0.0,0.0,0.0,0.0,0.0,7.0,43.0,51.0,27.0,11.0,10.0,2.0,7.0,11.0,2.0,1.0,2.0,3.0,1.0,0.0,1.0,2.0,1.0,2.0,0.0,2.0,0.0,1.0,0.0,1.0,0.0,0.0,0.0
Biobio,08,Antuco,08302,4306.0,0,0.0,0.0,0.0,0.0,0.0,0.0,0.0,0.0,0.0,0.0,0.0,2.0,2.0,2.0,13.0,2.0,5.0,13.0,4.0,5.0,5.0,1.0,7.0,0.0,1.0,1.0,0.0,3.0,7.0,3.0,0.0,3.0,4.0,1.0,1.0,0.0,1.0,2.0,0.0,0.0
Biobio,08,Arauco,08202,38679.0,0,0.0,0.0,0.0,1.0,2.0,2.0,1.0,0.0,0.0,0.0,5.0,4.0,14.0,17.0,24.0,19.0,33.0,65.0,62.0,29.0,13.0,33.0,43.0,45.0,34.0,47.0,60.0,35.0,20.0,42.0,35.0,34.0,45.0,63.0,107.0,70.0,63.0,61.0,40.0,0.0
Biobio,08,Cabrero,08303,30725.0,0,0.0,0.0,0.0,0.0,1.0,0.0,4.0,3.0,7.0,1.0,3.0,4.0,2.0,3.0,3.0,8.0,24.0,35.0,14.0,11.0,11.0,11.0,2.0,12.0,7.0,11.0,15.0,18.0,27.0,9.0,9.0,10.0,35.0,55.0,31.0,62.0,45.0,29.0,10.0,0.0
Biobio,08,Canete,08203,37003.0,0,0.0,0.0,0.0,0.0,0.0,0.0,0.0,0.0,0.0,0.0,0.0,0.0,1.0,9.0,4.0,7.0,1.0,7.0,5.0,3.0,12.0,34.0,35.0,16.0,26.0,34.0,39.0,19.0,19.0,18.0,18.0,50.0,58.0,109.0,113.0,45.0,53.0,51.0,52.0,0.0
Biobio,08,Chiguayante,08103,91180.0,0,0.0,0.0,0.0,6.0,5.0,9.0,16.0,11.0,9.0,12.0,8.0,7.0,9.0,9.0,26.0,38.0,59.0,52.0,52.0,59.0,77.0,63.0,72.0,59.0,88.0,110.0,136.0,154.0,157.0,96.0,84.0,116.0,92.0,83.0,100.0,86.0,99.0,110.0,77.0,0.0
Biobio,08,Concepcion,08101,238092.0,0,0.0,1.0,1.0,7.0,29.0,30.0,23.0,23.0,18.0,14.0,21.0,21.0,21.0,90.0,93.0,129.0,244.0,236.0,169.0,135.0,132.0,162.0,149.0,162.0,239.0,284.0,401.0,422.0,387.0,289.0,222.0,254.0,180.0,180.0,198.0,204.0,215.0,274.0,182.0,0.0
Biobio,08,Contulmo,08204,6330.0,0,0.0,0.0,0.0,0.0,0.0,0.0,0.0,0.0,0.0,0.0,0.0,0.0,0.0,1.0,1.0,0.0,0.0,11.0,27.0,3.0,0.0,2.0,1.0,0.0,2.0,4.0,4.0,3.0,2.0,2.0,4.0,1.0,2.0,6.0,4.0,7.0,0.0,3.0,7.0,0.0
Biobio,08,Coronel,08102,125829.0,0,0.0,0.0,0.0,1.0,6.0,7.0,5.0,1.0,0.0,5.0,2.0,13.0,16.0,50.0,126.0,109.0,150.0,228.0,171.0,150.0,100.0,114.0,120.0,130.0,157.0,135.0,117.0,198.0,188.0,203.0,233.0,316.0,187.0,120.0,141.0,167.0,159.0,142.0,108.0,0.0
Biobio,08,Curanilahue,08205,33892.0,0,0.0,0.0,0.0,0.0,1.0,0.0,0.0,0.0,0.0,0.0,1.0,3.0,0.0,2.0,4.0,12.0,9.0,17.0,19.0,25.0,47.0,37.0,23.0,11.0,20.0,7.0,25.0,67.0,83.0,126.0,128.0,92.0,62.0,37.0,53.0,25.0,18.0,19.0,26.0,1.0
Biobio,08,Florida,08104,11841.0,0,0.0,0.0,0.0,0.0,0.0,2.0,1.0,0.0,0.0,0.0,0.0,2.0,0.0,1.0,0.0,0.0,8.0,7.0,12.0,2.0,4.0,6.0,16.0,4.0,4.0,11.0,11.0,11.0,18.0,15.0,10.0,21.0,19.0,4.0,7.0,3.0,2.0,12.0,4.0,0.0
Biobio,08,Hualpen,08112,97273.0,0,0.0,0.0,0.0,3.0,23.0,33.0,28.0,17.0,8.0,2.0,6.0,11.0,9.0,17.0,32.0,26.0,74.0,88.0,106.0,75.0,84.0,73.0,76.0,72.0,110.0,144.0,163.0,179.0,171.0,116.0,72.0,105.0,66.0,63.0,91.0,59.0,75.0,103.0,96.0,0.0
Biobio,08,Hualqui,08105,26201.0,0,0.0,0.0,0.0,1.0,1.0,2.0,3.0,5.0,9.0,0.0,1.0,2.0,5.0,12.0,7.0,13.0,17.0,38.0,30.0,16.0,15.0,25.0,13.0,26.0,58.0,34.0,32.0,52.0,43.0,29.0,21.0,15.0,10.0,22.0,21.0,19.0,17.0,15.0,9.0,0.0
Biobio,08,Laja,08304,23873.0,0,0.0,0.0,1.0,1.0,0.0,3.0,1.0,1.0,1.0,5.0,1.0,17.0,20.0,8.0,7.0,5.0,11.0,15.0,18.0,17.0,16.0,15.0,15.0,6.0,3.0,11.0,2.0,2.0,6.0,12.0,6.0,9.0,21.0,41.0,36.0,20.0,24.0,16.0,4.0,0.0
Biobio,08,Lebu,08201,27100.0,0,0.0,0.0,0.0,0.0,0.0,0.0,0.0,0.0,0.0,0.0,1.0,1.0,0.0,0.0,6.0,6.0,5.0,8.0,3.0,0.0,2.0,7.0,4.0,1.0,8.0,8.0,11.0,10.0,25.0,52.0,57.0,52.0,20.0,30.0,40.0,35.0,22.0,16.0,15.0,0.0
Biobio,08,Los Alamos,08206,22524.0,0,0.0,0.0,0.0,0.0,0.0,0.0,0.0,1.0,0.0,0.0,0.0,0.0,1.0,0.0,3.0,4.0,4.0,38.0,29.0,15.0,11.0,16.0,15.0,6.0,22.0,16.0,11.0,28.0,42.0,34.0,18.0,48.0,43.0,29.0,48.0,24.0,9.0,14.0,14.0,0.0
Biobio,08,Los Angeles,08301,218515.0,0,0.0,0.0,0.0,3.0,6.0,9.0,6.0,5.0,4.0,0.0,4.0,32.0,64.0,89.0,77.0,86.0,87.0,136.0,168.0,113.0,94.0,105.0,80.0,69.0,41.0,54.0,73.0,90.0,90.0,54.0,60.0,77.0,79.0,116.0,163.0,211.0,203.0,264.0,140.0,0.0
Biobio,08,Lota,08106,45750.0,0,0.0,0.0,0.0,0.0,1.0,0.0,1.0,0.0,0.0,0.0,1.0,16.0,11.0,15.0,21.0,23.0,44.0,67.0,62.0,56.0,37.0,32.0,38.0,52.0,37.0,48.0,55.0,40.0,66.0,79.0,104.0,83.0,78.0,123.0,86.0,63.0,78.0,69.0,35.0,0.0
Biobio,08,Mulchen,08305,31041.0,0,0.0,0.0,0.0,0.0,1.0,4.0,0.0,0.0,0.0,0.0,2.0,3.0,1.0,1.0,11.0,3.0,3.0,12.0,26.0,27.0,26.0,8.0,2.0,6.0,7.0,16.0,41.0,63.0,30.0,27.0,14.0,14.0,12.0,23.0,39.0,23.0,24.0,8.0,12.0,0.0
Biobio,08,Nacimiento,08306,27944.0,0,0.0,0.0,0.0,0.0,2.0,3.0,3.0,2.0,0.0,1.0,3.0,8.0,4.0,8.0,7.0,6.0,19.0,30.0,27.0,18.0,16.0,5.0,4.0,4.0,8.0,8.0,29.0,27.0,20.0,25.0,7.0,11.0,7.0,21.0,19.0,23.0,21.0,29.0,13.0,0.0
Biobio,08,Negrete,08307,10429.0,0,0.0,0.0,0.0,0.0,0.0,0.0,2.0,0.0,0.0,0.0,0.0,7.0,12.0,10.0,9.0,12.0,20.0,16.0,17.0,6.0,12.0,4.0,5.0,4.0,8.0,12.0,22.0,9.0,8.0,6.0,0.0,4.0,14.0,8.0,10.0,4.0,5.0,5.0,15.0,0.0
Biobio,08,Penco,08107,49865.0,0,0.0,0.0,0.0,0.0,1.0,3.0,3.0,3.0,8.0,0.0,3.0,2.0,2.0,10.0,14.0,43.0,72.0,50.0,50.0,46.0,40.0,58.0,76.0,64.0,113.0,104.0,138.0,102.0,110.0,64.0,73.0,65.0,41.0,30.0,24.0,34.0,27.0,23.0,22.0,0.0
Biobio,08,Quilaco,08308,4179.0,0,0.0,0.0,0.0,0.0,0.0,0.0,0.0,0.0,0.0,0.0,0.0,0.0,0.0,0.0,2.0,3.0,1.0,1.0,3.0,0.0,2.0,3.0,3.0,4.0,4.0,0.0,1.0,0.0,8.0,1.0,2.0,2.0,1.0,11.0,12.0,1.0,0.0,0.0,0.0,0.0
Biobio,08,Quilleco,08309,10032.0,0,0.0,0.0,0.0,0.0,0.0,0.0,0.0,0.0,0.0,0.0,0.0,0.0,0.0,1.0,2.0,2.0,2.0,1.0,8.0,12.0,9.0,6.0,6.0,12.0,10.0,7.0,3.0,7.0,4.0,12.0,2.0,3.0,3.0,1.0,1.0,0.0,0.0,1.0,1.0,0.0
Biobio,08,San Pedro de la Paz,08108,145906.0,0,0.0,0.0,0.0,6.0,35.0,17.0,25.0,8.0,11.0,3.0,2.0,15.0,13.0,38.0,62.0,67.0,98.0,117.0,81.0,94.0,78.0,83.0,89.0,91.0,103.0,105.0,148.0,200.0,187.0,147.0,110.0,100.0,100.0,136.0,134.0,141.0,123.0,171.0,124.0,0.0
Biobio,08,San Rosendo,08310,3611.0,0,0.0,0.0,0.0,0.0,0.0,0.0,0.0,0.0,0.0,0.0,0.0,1.0,1.0,0.0,2.0,2.0,0.0,8.0,3.0,1.0,4.0,0.0,1.0,0.0,1.0,0.0,1.0,1.0,0.0,1.0,1.0,1.0,4.0,6.0,6.0,0.0,5.0,0.0,0.0,0.0
Biobio,08,Santa Barbara,08311,14592.0,0,0.0,0.0,0.0,0.0,0.0,2.0,1.0,0.0,0.0,0.0,0.0,4.0,9.0,7.0,19.0,7.0,8.0,23.0,9.0,14.0,14.0,7.0,20.0,9.0,9.0,14.0,10.0,8.0,7.0,0.0,3.0,3.0,2.0,6.0,9.0,11.0,7.0,8.0,1.0,0.0
Biobio,08,Santa Juana,08109,14779.0,0,0.0,0.0,0.0,0.0,0.0,0.0,1.0,0.0,0.0,1.0,0.0,0.0,0.0,0.0,3.0,17.0,23.0,15.0,7.0,1.0,5.0,11.0,2.0,3.0,8.0,4.0,16.0,27.0,29.0,14.0,7.0,8.0,12.0,6.0,8.0,9.0,9.0,16.0,12.0,0.0
Biobio,08,Talcahuano,08110,158345.0,0,0.0,0.0,0.0,1.0,16.0,16.0,19.0,14.0,14.0,20.0,17.0,18.0,20.0,43.0,70.0,54.0,115.0,148.0,129.0,114.0,133.0,189.0,188.0,149.0,184.0,197.0,286.0,296.0,217.0,173.0,145.0,148.0,119.0,75.0,102.0,104.0,141.0,218.0,154.0,0.0
Biobio,08,Tirua,08207,11019.0,0,0.0,0.0,0.0,0.0,1.0,2.0,1.0,0.0,0.0,0.0,0.0,0.0,1.0,0.0,1.0,4.0,5.0,9.0,7.0,0.0,0.0,0.0,1.0,4.0,6.0,2.0,2.0,0.0,6.0,6.0,1.0,1.0,3.0,3.0,15.0,8.0,6.0,3.0,1.0,0.0
Biobio,08,Tome,08111,58729.0,0,0.0,0.0,0.0,0.0,9.0,13.0,12.0,7.0,9.0,1.0,4.0,16.0,6.0,8.0,14.0,54.0,62.0,64.0,34.0,14.0,15.0,27.0,66.0,66.0,110.0,107.0,129.0,118.0,89.0,63.0,76.0,72.0,62.0,87.0,77.0,62.0,52.0,44.0,40.0,0.0
Biobio,08,Tucapel,08312,15205.0,0,0.0,0.0,0.0,0.0,0.0,0.0,1.0,0.0,0.0,0.0,0.0,1.0,4.0,6.0,11.0,21.0,12.0,28.0,33.0,15.0,7.0,7.0,4.0,5.0,7.0,3.0,6.0,4.0,3.0,6.0,4.0,5.0,9.0,20.0,16.0,3.0,6.0,7.0,0.0,0.0
Biobio,08,Yumbel,08313,22132.0,0,0.0,0.0,0.0,0.0,0.0,5.0,0.0,1.0,1.0,1.0,2.0,4.0,3.0,5.0,12.0,3.0,20.0,39.0,20.0,46.0,34.0,6.0,7.0,11.0,21.0,2.0,7.0,4.0,5.0,6.0,7.0,8.0,18.0,43.0,42.0,43.0,46.0,30.0,19.0,0.0
Biobio,08,Desconocido Biobio,,,0,0.0,0.0,0.0,0.0,1.0,0.0,0.0,0.0,0.0,0.0,0.0,2.0,4.0,6.0,5.0,9.0,4.0,27.0,32.0,7.0,10.0,11.0,10.0,7.0,4.0,2.0,5.0,6.0,1.0,0.0,1.0,5.0,1.0,1.0,0.0,7.0,2.0,3.0,9.0,0.0
Biobio,08,Total,,1663696.0,0.0,0.0,1.0,2.0,30.0,141.0,162.0,157.0,102.0,99.0,66.0,87.0,216.0,262.0,511.0,742.0,821.0,1250.0,1659.0,1439.0,1136.0,1076.0,1163.0,1194.0,1112.0,1463.0,1543.0,1999.0,2204.0,2077.0,1731.0,1536.0,1736.0,1411.0,1559.0,1755.0,1573.0,1558.0,1766.0,1242.0,1.0
,,,,,,,,,,,,,,,,,,,,,,,,,,,,,,,,,,,,,,,,,,,,,
La Araucania,09,Angol,09201,56058.0,0,0.0,0.0,1.0,1.0,3.0,10.0,11.0,15.0,35.0,27.0,11.0,10.0,7.0,24.0,19.0,57.0,59.0,42.0,30.0,40.0,29.0,25.0,30.0,24.0,31.0,18.0,21.0,31.0,38.0,42.0,39.0,41.0,47.0,51.0,42.0,21.0,56.0,83.0,37.0,0.0
La Araucania,09,Carahue,09102,25486.0,0,0.0,0.0,0.0,0.0,0.0,3.0,10.0,9.0,8.0,5.0,1.0,0.0,2.0,14.0,11.0,5.0,5.0,5.0,2.0,2.0,5.0,3.0,12.0,13.0,8.0,12.0,20.0,14.0,34.0,26.0,34.0,81.0,82.0,72.0,33.0,41.0,30.0,12.0,8.0,0.0
La Araucania,09,Cholchol,09121,12341.0,0,0.0,0.0,0.0,0.0,1.0,2.0,0.0,0.0,1.0,0.0,0.0,2.0,0.0,1.0,12.0,5.0,1.0,0.0,0.0,6.0,4.0,2.0,2.0,1.0,1.0,0.0,0.0,2.0,2.0,9.0,11.0,10.0,10.0,11.0,12.0,7.0,22.0,31.0,13.0,0.0
La Araucania,09,Collipulli,09202,26148.0,0,0.0,0.0,0.0,0.0,0.0,0.0,1.0,1.0,1.0,3.0,0.0,2.0,9.0,9.0,6.0,7.0,9.0,6.0,10.0,4.0,1.0,3.0,4.0,29.0,50.0,56.0,40.0,68.0,37.0,16.0,6.0,13.0,20.0,31.0,7.0,23.0,41.0,51.0,13.0,0.0
La Araucania,09,Cunco,09103,18055.0,0,0.0,0.0,0.0,0.0,0.0,3.0,2.0,0.0,1.0,0.0,0.0,1.0,5.0,18.0,0.0,11.0,8.0,3.0,5.0,4.0,12.0,8.0,6.0,5.0,10.0,17.0,7.0,3.0,1.0,6.0,7.0,18.0,4.0,23.0,15.0,22.0,21.0,17.0,0.0,0.0
La Araucania,09,Curacautin,09203,18178.0,0,0.0,0.0,0.0,0.0,2.0,0.0,2.0,0.0,0.0,2.0,0.0,1.0,0.0,0.0,2.0,4.0,9.0,0.0,1.0,1.0,4.0,2.0,4.0,0.0,1.0,5.0,3.0,0.0,0.0,0.0,3.0,2.0,1.0,1.0,3.0,5.0,27.0,25.0,4.0,0.0
La Araucania,09,Curarrehue,09104,7802.0,0,0.0,0.0,0.0,1.0,1.0,2.0,0.0,0.0,0.0,0.0,0.0,0.0,0.0,0.0,0.0,0.0,0.0,0.0,0.0,0.0,0.0,0.0,0.0,0.0,0.0,0.0,0.0,2.0,1.0,2.0,0.0,0.0,1.0,1.0,0.0,0.0,0.0,0.0,3.0,0.0
La Araucania,09,Ercilla,09204,8458.0,0,0.0,0.0,0.0,0.0,0.0,0.0,4.0,0.0,5.0,1.0,1.0,0.0,0.0,4.0,1.0,2.0,2.0,0.0,0.0,2.0,8.0,5.0,21.0,2.0,8.0,18.0,14.0,19.0,20.0,38.0,44.0,29.0,30.0,5.0,4.0,2.0,0.0,4.0,1.0,0.0
La Araucania,09,Freire,09105,25446.0,0,0.0,0.0,0.0,0.0,2.0,4.0,0.0,0.0,2.0,0.0,1.0,11.0,11.0,28.0,16.0,18.0,6.0,9.0,2.0,1.0,4.0,3.0,5.0,0.0,2.0,1.0,3.0,0.0,3.0,3.0,2.0,2.0,26.0,31.0,34.0,50.0,41.0,34.0,12.0,0.0
La Araucania,09,Galvarino,09106,12633.0,0,0.0,0.0,0.0,0.0,0.0,0.0,2.0,0.0,0.0,0.0,1.0,0.0,0.0,6.0,43.0,41.0,13.0,6.0,10.0,11.0,0.0,0.0,0.0,1.0,0.0,1.0,0.0,1.0,4.0,7.0,11.0,9.0,28.0,54.0,59.0,63.0,22.0,6.0,6.0,0.0
La Araucania,09,Gorbea,09107,15148.0,0,0.0,0.0,0.0,1.0,4.0,4.0,1.0,0.0,1.0,0.0,1.0,3.0,0.0,5.0,5.0,5.0,6.0,0.0,0.0,0.0,2.0,0.0,1.0,1.0,5.0,0.0,1.0,1.0,2.0,2.0,5.0,10.0,12.0,10.0,4.0,34.0,33.0,17.0,8.0,0.0
La Araucania,09,Lautaro,09108,40746.0,0,0.0,0.0,0.0,0.0,6.0,4.0,15.0,5.0,6.0,2.0,6.0,11.0,3.0,14.0,21.0,6.0,10.0,4.0,6.0,3.0,8.0,11.0,24.0,7.0,7.0,13.0,23.0,11.0,3.0,10.0,29.0,35.0,26.0,41.0,33.0,50.0,82.0,87.0,29.0,0.0
La Araucania,09,Loncoche,09109,24739.0,0,0.0,0.0,0.0,0.0,2.0,3.0,2.0,4.0,3.0,3.0,1.0,2.0,2.0,7.0,19.0,1.0,6.0,4.0,17.0,3.0,0.0,1.0,1.0,0.0,0.0,0.0,1.0,6.0,24.0,31.0,37.0,43.0,37.0,23.0,6.0,4.0,1.0,5.0,1.0,0.0
La Araucania,09,Lonquimay,09205,11049.0,0,0.0,0.0,0.0,0.0,0.0,0.0,0.0,0.0,0.0,2.0,13.0,12.0,27.0,12.0,2.0,0.0,0.0,3.0,0.0,0.0,0.0,0.0,0.0,0.0,1.0,1.0,1.0,2.0,20.0,21.0,33.0,8.0,4.0,13.0,2.0,0.0,4.0,3.0,2.0,0.0
La Araucania,09,Los Sauces,09206,7517.0,0,0.0,0.0,0.0,0.0,0.0,0.0,0.0,0.0,1.0,0.0,0.0,0.0,0.0,1.0,3.0,2.0,1.0,1.0,7.0,3.0,2.0,1.0,13.0,22.0,2.0,0.0,2.0,1.0,0.0,3.0,2.0,2.0,7.0,7.0,0.0,2.0,3.0,2.0,16.0,0.0
La Araucania,09,Lumaco,09207,10050.0,0,0.0,0.0,0.0,0.0,0.0,0.0,0.0,0.0,4.0,2.0,1.0,0.0,1.0,3.0,2.0,9.0,8.0,6.0,2.0,2.0,2.0,0.0,0.0,0.0,1.0,1.0,0.0,1.0,4.0,11.0,5.0,7.0,3.0,5.0,2.0,4.0,11.0,6.0,6.0,0.0
La Araucania,09,Melipeuco,09110,6265.0,0,0.0,0.0,0.0,0.0,0.0,0.0,0.0,0.0,0.0,0.0,0.0,0.0,0.0,5.0,2.0,1.0,0.0,0.0,0.0,1.0,2.0,0.0,0.0,2.0,0.0,1.0,4.0,5.0,12.0,1.0,1.0,0.0,2.0,2.0,2.0,4.0,22.0,7.0,2.0,0.0
La Araucania,09,Nueva Imperial,09111,33777.0,0,0.0,0.0,0.0,0.0,4.0,10.0,4.0,13.0,5.0,4.0,2.0,5.0,5.0,2.0,3.0,24.0,19.0,11.0,9.0,6.0,0.0,5.0,1.0,7.0,4.0,8.0,14.0,11.0,22.0,21.0,14.0,19.0,15.0,37.0,33.0,32.0,31.0,21.0,11.0,0.0
La Araucania,09,Padre Las Casas,09112,82110.0,0,0.0,0.0,0.0,0.0,12.0,27.0,24.0,17.0,17.0,11.0,0.0,5.0,24.0,16.0,13.0,4.0,7.0,2.0,3.0,16.0,4.0,14.0,10.0,4.0,10.0,15.0,10.0,15.0,54.0,37.0,25.0,44.0,61.0,92.0,122.0,129.0,157.0,127.0,61.0,0.0
La Araucania,09,Perquenco,09113,7223.0,0,0.0,0.0,0.0,0.0,1.0,1.0,0.0,0.0,3.0,0.0,0.0,1.0,0.0,0.0,2.0,7.0,3.0,8.0,12.0,3.0,2.0,1.0,0.0,0.0,5.0,11.0,9.0,19.0,4.0,10.0,1.0,3.0,5.0,29.0,9.0,13.0,19.0,11.0,7.0,0.0
La Araucania,09,Pitrufquen,09114,26096.0,0,0.0,0.0,0.0,0.0,4.0,9.0,4.0,0.0,1.0,0.0,3.0,1.0,6.0,15.0,19.0,10.0,1.0,8.0,9.0,5.0,1.0,0.0,3.0,4.0,2.0,2.0,9.0,13.0,2.0,5.0,5.0,11.0,28.0,14.0,14.0,37.0,34.0,7.0,3.0,0.0
La Araucania,09,Pucon,09115,29782.0,0,0.0,0.0,0.0,1.0,3.0,0.0,4.0,3.0,1.0,3.0,0.0,3.0,2.0,12.0,16.0,9.0,3.0,4.0,5.0,1.0,4.0,7.0,7.0,4.0,1.0,0.0,2.0,3.0,0.0,0.0,2.0,5.0,27.0,30.0,35.0,18.0,16.0,6.0,9.0,0.0
La Araucania,09,Puren,09208,12188.0,0,0.0,0.0,0.0,0.0,0.0,2.0,0.0,0.0,2.0,0.0,2.0,1.0,0.0,1.0,1.0,0.0,6.0,5.0,6.0,2.0,4.0,9.0,1.0,3.0,1.0,0.0,0.0,2.0,0.0,1.0,1.0,3.0,1.0,1.0,2.0,8.0,8.0,13.0,6.0,0.0
La Araucania,09,Renaico,09209,10833.0,0,0.0,0.0,0.0,0.0,0.0,0.0,1.0,3.0,3.0,0.0,4.0,3.0,5.0,4.0,2.0,2.0,5.0,11.0,4.0,4.0,1.0,2.0,6.0,0.0,0.0,0.0,3.0,6.0,11.0,9.0,16.0,13.0,22.0,28.0,23.0,0.0,1.0,3.0,3.0,0.0
La Araucania,09,Saavedra,09116,12793.0,0,0.0,0.0,0.0,1.0,1.0,0.0,1.0,5.0,8.0,17.0,13.0,18.0,10.0,9.0,4.0,5.0,3.0,0.0,0.0,2.0,1.0,0.0,0.0,0.0,0.0,0.0,0.0,6.0,5.0,2.0,6.0,30.0,32.0,32.0,22.0,19.0,10.0,16.0,5.0,0.0
La Araucania,09,Temuco,09101,302931.0,0,0.0,0.0,3.0,26.0,156.0,174.0,129.0,112.0,58.0,25.0,27.0,49.0,43.0,28.0,16.0,19.0,31.0,30.0,42.0,56.0,47.0,46.0,72.0,86.0,46.0,43.0,61.0,80.0,101.0,150.0,161.0,262.0,296.0,362.0,411.0,490.0,538.0,533.0,256.0,0.0
La Araucania,09,Teodoro Schmidt,09117,15786.0,0,0.0,0.0,0.0,0.0,1.0,2.0,0.0,1.0,1.0,0.0,0.0,0.0,1.0,3.0,1.0,2.0,9.0,6.0,3.0,1.0,0.0,0.0,0.0,0.0,1.0,1.0,7.0,15.0,27.0,38.0,31.0,32.0,32.0,12.0,5.0,2.0,7.0,16.0,4.0,0.0
La Araucania,09,Tolten,09118,10055.0,0,0.0,0.0,0.0,0.0,4.0,1.0,2.0,1.0,0.0,0.0,0.0,0.0,2.0,5.0,1.0,0.0,0.0,0.0,0.0,1.0,0.0,0.0,0.0,1.0,0.0,0.0,0.0,0.0,0.0,11.0,3.0,1.0,3.0,3.0,6.0,2.0,1.0,12.0,14.0,0.0
La Araucania,09,Traiguen,09210,19314.0,0,0.0,0.0,0.0,0.0,0.0,0.0,1.0,0.0,1.0,0.0,0.0,1.0,4.0,4.0,5.0,6.0,7.0,6.0,8.0,3.0,0.0,1.0,11.0,2.0,4.0,0.0,0.0,1.0,0.0,1.0,8.0,3.0,11.0,8.0,9.0,7.0,33.0,35.0,15.0,0.0
La Araucania,09,Victoria,09211,35467.0,0,0.0,0.0,0.0,1.0,2.0,9.0,2.0,1.0,31.0,20.0,11.0,2.0,4.0,20.0,14.0,23.0,21.0,2.0,4.0,4.0,5.0,14.0,15.0,12.0,4.0,17.0,12.0,10.0,10.0,12.0,12.0,18.0,25.0,17.0,31.0,26.0,14.0,35.0,18.0,0.0
La Araucania,09,Vilcun,09119,30766.0,0,0.0,0.0,0.0,0.0,7.0,11.0,15.0,8.0,4.0,3.0,5.0,6.0,7.0,21.0,9.0,7.0,4.0,5.0,2.0,7.0,5.0,6.0,19.0,8.0,14.0,23.0,8.0,5.0,7.0,5.0,4.0,19.0,20.0,29.0,24.0,42.0,34.0,28.0,3.0,0.0
La Araucania,09,Villarrica,09120,59103.0,0,0.0,0.0,0.0,0.0,2.0,10.0,6.0,1.0,1.0,0.0,0.0,1.0,2.0,4.0,7.0,7.0,23.0,19.0,15.0,3.0,0.0,4.0,1.0,2.0,3.0,3.0,8.0,13.0,32.0,34.0,29.0,61.0,112.0,101.0,80.0,87.0,84.0,31.0,17.0,0.0
La Araucania,09,Desconocido Araucania,,,0,0.0,0.0,0.0,0.0,0.0,1.0,0.0,0.0,0.0,0.0,0.0,0.0,0.0,0.0,0.0,0.0,0.0,0.0,0.0,0.0,0.0,0.0,0.0,0.0,0.0,0.0,0.0,0.0,1.0,0.0,1.0,1.0,0.0,1.0,0.0,2.0,2.0,0.0,1.0,0.0
La Araucania,09,Total,,1014343.0,0.0,0.0,0.0,4.0,32.0,218.0,292.0,243.0,199.0,204.0,130.0,104.0,151.0,182.0,295.0,277.0,299.0,285.0,206.0,214.0,197.0,157.0,173.0,269.0,240.0,222.0,267.0,283.0,366.0,481.0,564.0,588.0,835.0,1030.0,1177.0,1084.0,1246.0,1405.0,1284.0,594.0,0.0
,,,,,,,,,,,,,,,,,,,,,,,,,,,,,,,,,,,,,,,,,,,,,
Los Rios,14,Corral,14102,5447.0,0,0.0,0.0,0.0,0.0,0.0,0.0,0.0,0.0,1.0,0.0,0.0,6.0,4.0,2.0,2.0,5.0,2.0,1.0,1.0,2.0,0.0,0.0,0.0,0.0,0.0,0.0,0.0,0.0,0.0,0.0,1.0,8.0,12.0,3.0,12.0,13.0,6.0,2.0,0.0,0.0
Los Rios,14,Futrono,14202,15261.0,0,0.0,0.0,0.0,0.0,1.0,3.0,1.0,0.0,0.0,0.0,0.0,1.0,5.0,19.0,8.0,15.0,5.0,1.0,1.0,1.0,0.0,0.0,0.0,0.0,0.0,1.0,0.0,0.0,1.0,3.0,1.0,6.0,4.0,8.0,6.0,19.0,38.0,29.0,16.0,0.0
Los Rios,14,La Union,14201,39538.0,0,0.0,0.0,0.0,1.0,5.0,8.0,4.0,6.0,9.0,4.0,2.0,1.0,2.0,2.0,6.0,9.0,10.0,8.0,6.0,4.0,4.0,8.0,2.0,4.0,1.0,0.0,1.0,4.0,5.0,10.0,22.0,25.0,26.0,49.0,50.0,78.0,100.0,79.0,39.0,0.0
Los Rios,14,Lago Ranco,14203,10292.0,0,0.0,0.0,0.0,0.0,1.0,1.0,0.0,0.0,0.0,0.0,0.0,0.0,0.0,0.0,0.0,0.0,0.0,1.0,4.0,0.0,0.0,0.0,0.0,0.0,1.0,0.0,0.0,0.0,0.0,9.0,1.0,4.0,1.0,4.0,31.0,50.0,36.0,16.0,7.0,0.0
Los Rios,14,Lanco,14103,17652.0,0,0.0,0.0,0.0,0.0,0.0,1.0,2.0,1.0,2.0,0.0,3.0,2.0,0.0,0.0,1.0,3.0,11.0,3.0,1.0,0.0,1.0,0.0,0.0,2.0,0.0,6.0,7.0,8.0,18.0,28.0,7.0,11.0,22.0,15.0,13.0,17.0,12.0,15.0,33.0,0.0
Los Rios,14,Los Lagos,14104,20518.0,0,0.0,0.0,0.0,0.0,0.0,0.0,0.0,0.0,0.0,0.0,0.0,0.0,1.0,13.0,10.0,13.0,21.0,3.0,0.0,2.0,0.0,0.0,0.0,0.0,0.0,0.0,1.0,0.0,5.0,2.0,3.0,2.0,9.0,15.0,20.0,10.0,36.0,47.0,37.0,0.0
Los Rios,14,Mafil,14105,7389.0,0,0.0,0.0,0.0,0.0,1.0,0.0,0.0,0.0,1.0,0.0,0.0,0.0,1.0,2.0,0.0,2.0,12.0,1.0,0.0,0.0,0.0,1.0,8.0,0.0,3.0,2.0,0.0,2.0,12.0,15.0,2.0,1.0,5.0,2.0,1.0,1.0,3.0,5.0,4.0,0.0
Los Rios,14,Mariquina,14106,23250.0,0,0.0,0.0,0.0,0.0,3.0,1.0,4.0,1.0,0.0,0.0,0.0,2.0,1.0,3.0,1.0,0.0,3.0,0.0,1.0,0.0,7.0,8.0,2.0,1.0,0.0,1.0,5.0,5.0,11.0,4.0,2.0,5.0,19.0,16.0,20.0,9.0,5.0,13.0,8.0,0.0
Los Rios,14,Paillaco,14107,20798.0,0,0.0,0.0,0.0,0.0,1.0,0.0,0.0,0.0,0.0,0.0,0.0,0.0,8.0,13.0,3.0,0.0,2.0,3.0,0.0,2.0,1.0,0.0,4.0,1.0,0.0,1.0,1.0,1.0,3.0,3.0,8.0,43.0,24.0,20.0,24.0,4.0,13.0,13.0,7.0,0.0
Los Rios,14,Panguipulli,14108,35991.0,0,0.0,0.0,0.0,0.0,0.0,0.0,0.0,0.0,0.0,0.0,1.0,0.0,4.0,4.0,8.0,16.0,8.0,8.0,6.0,1.0,6.0,1.0,1.0,1.0,4.0,1.0,2.0,17.0,28.0,41.0,38.0,38.0,22.0,10.0,10.0,28.0,17.0,34.0,32.0,0.0
Los Rios,14,Rio Bueno,14204,32925.0,0,0.0,0.0,0.0,0.0,3.0,1.0,3.0,2.0,1.0,2.0,1.0,0.0,0.0,4.0,1.0,1.0,2.0,3.0,3.0,3.0,2.0,2.0,3.0,8.0,12.0,5.0,11.0,9.0,24.0,7.0,16.0,41.0,37.0,44.0,29.0,17.0,15.0,18.0,41.0,0.0
Los Rios,14,Valdivia,14101,176774.0,0,0.0,0.0,1.0,1.0,25.0,32.0,26.0,19.0,8.0,8.0,4.0,4.0,10.0,30.0,24.0,15.0,25.0,38.0,35.0,28.0,37.0,43.0,25.0,33.0,29.0,32.0,21.0,26.0,43.0,71.0,49.0,186.0,165.0,130.0,178.0,193.0,270.0,354.0,219.0,0.0
Los Rios,14,Desconocido Los Rios,,,0,0.0,0.0,0.0,1.0,0.0,0.0,0.0,1.0,1.0,0.0,0.0,0.0,0.0,0.0,1.0,0.0,1.0,1.0,0.0,0.0,0.0,0.0,0.0,0.0,1.0,0.0,0.0,0.0,0.0,0.0,0.0,0.0,0.0,0.0,0.0,0.0,0.0,0.0,0.0,0.0
Los Rios,14,Total,,405835.0,0.0,0.0,0.0,1.0,3.0,40.0,47.0,40.0,30.0,23.0,14.0,11.0,16.0,36.0,92.0,65.0,79.0,102.0,71.0,58.0,43.0,58.0,63.0,45.0,50.0,51.0,49.0,49.0,72.0,150.0,193.0,150.0,370.0,346.0,316.0,394.0,439.0,551.0,625.0,443.0,0.0
,,,,,,,,,,,,,,,,,,,,,,,,,,,,,,,,,,,,,,,,,,,,,
Los Lagos,10,Ancud,10202,42458.0,0,0.0,0.0,0.0,0.0,0.0,1.0,0.0,6.0,3.0,1.0,21.0,19.0,23.0,10.0,2.0,4.0,3.0,1.0,5.0,1.0,2.0,5.0,3.0,2.0,1.0,0.0,1.0,1.0,1.0,2.0,4.0,7.0,16.0,16.0,11.0,24.0,78.0,93.0,68.0,0.0
Los Lagos,10,Calbuco,10102,36744.0,0,0.0,0.0,0.0,0.0,3.0,1.0,2.0,1.0,1.0,0.0,0.0,1.0,0.0,0.0,1.0,0.0,4.0,20.0,44.0,30.0,41.0,22.0,22.0,37.0,34.0,43.0,20.0,16.0,19.0,20.0,23.0,35.0,39.0,40.0,57.0,110.0,120.0,102.0,81.0,0.0
Los Lagos,10,Castro,10201,47607.0,0,0.0,0.0,0.0,0.0,2.0,0.0,5.0,0.0,0.0,0.0,0.0,1.0,0.0,0.0,1.0,0.0,1.0,0.0,0.0,1.0,0.0,1.0,14.0,5.0,2.0,2.0,1.0,4.0,6.0,11.0,15.0,10.0,12.0,14.0,38.0,69.0,88.0,74.0,52.0,0.0
Los Lagos,10,Chaiten,10401,5020.0,0,0.0,0.0,0.0,0.0,0.0,1.0,0.0,0.0,0.0,0.0,0.0,0.0,0.0,0.0,0.0,0.0,0.0,0.0,0.0,1.0,8.0,1.0,0.0,1.0,0.0,3.0,0.0,0.0,0.0,0.0,0.0,0.0,0.0,0.0,1.0,0.0,0.0,0.0,0.0,0.0
Los Lagos,10,Chonchi,10203,16013.0,0,0.0,0.0,0.0,0.0,0.0,0.0,0.0,0.0,0.0,0.0,0.0,0.0,0.0,0.0,0.0,0.0,0.0,0.0,1.0,0.0,0.0,0.0,0.0,0.0,0.0,0.0,0.0,0.0,4.0,1.0,2.0,5.0,8.0,60.0,99.0,69.0,69.0,48.0,22.0,0.0
Los Lagos,10,Cochamo,10103,4006.0,0,0.0,0.0,0.0,0.0,0.0,0.0,0.0,1.0,0.0,0.0,0.0,0.0,0.0,0.0,0.0,0.0,0.0,1.0,6.0,0.0,3.0,7.0,1.0,3.0,0.0,1.0,0.0,0.0,3.0,2.0,0.0,0.0,0.0,0.0,1.0,4.0,4.0,3.0,1.0,0.0
Los Lagos,10,Curaco de Velez,10204,4066.0,0,0.0,0.0,0.0,0.0,0.0,0.0,0.0,0.0,0.0,0.0,0.0,0.0,0.0,0.0,0.0,0.0,1.0,0.0,12.0,2.0,3.0,0.0,0.0,0.0,0.0,0.0,0.0,0.0,0.0,0.0,0.0,0.0,0.0,0.0,0.0,2.0,3.0,3.0,2.0,0.0
Los Lagos,10,Dalcahue,10205,15069.0,0,0.0,0.0,0.0,0.0,0.0,0.0,0.0,0.0,0.0,0.0,0.0,1.0,3.0,2.0,0.0,0.0,1.0,0.0,0.0,0.0,0.0,0.0,0.0,1.0,0.0,0.0,0.0,0.0,3.0,4.0,4.0,0.0,1.0,10.0,27.0,25.0,48.0,22.0,16.0,0.0
Los Lagos,10,Fresia,10104,12656.0,0,0.0,0.0,0.0,0.0,0.0,0.0,0.0,0.0,0.0,0.0,0.0,0.0,0.0,0.0,0.0,0.0,7.0,1.0,8.0,9.0,3.0,4.0,14.0,20.0,17.0,11.0,19.0,3.0,2.0,2.0,16.0,28.0,39.0,34.0,21.0,9.0,8.0,5.0,9.0,0.0
Los Lagos,10,Frutillar,10105,20223.0,0,0.0,0.0,0.0,0.0,0.0,1.0,3.0,2.0,0.0,0.0,1.0,1.0,0.0,3.0,3.0,3.0,7.0,20.0,25.0,54.0,18.0,7.0,15.0,27.0,32.0,48.0,18.0,19.0,19.0,12.0,34.0,66.0,45.0,32.0,24.0,14.0,12.0,16.0,14.0,0.0
Los Lagos,10,Futaleufu,10402,2806.0,0,0.0,0.0,0.0,0.0,0.0,0.0,0.0,0.0,0.0,0.0,0.0,0.0,1.0,0.0,0.0,0.0,0.0,0.0,0.0,0.0,0.0,0.0,0.0,0.0,0.0,0.0,0.0,0.0,1.0,0.0,0.0,0.0,0.0,0.0,0.0,2.0,0.0,0.0,0.0,0.0
Los Lagos,10,Hualaihue,10403,9525.0,0,0.0,0.0,0.0,0.0,0.0,3.0,0.0,0.0,0.0,0.0,0.0,0.0,0.0,0.0,1.0,1.0,1.0,3.0,1.0,2.0,1.0,7.0,0.0,0.0,2.0,2.0,6.0,2.0,5.0,13.0,9.0,3.0,12.0,25.0,33.0,49.0,58.0,37.0,14.0,0.0
Los Lagos,10,Llanquihue,10107,18621.0,0,0.0,0.0,0.0,0.0,0.0,1.0,0.0,0.0,0.0,0.0,0.0,5.0,0.0,0.0,2.0,3.0,11.0,18.0,9.0,16.0,6.0,9.0,41.0,26.0,29.0,19.0,29.0,15.0,22.0,21.0,17.0,13.0,27.0,17.0,36.0,25.0,13.0,20.0,5.0,0.0
Los Lagos,10,Los Muermos,10106,17817.0,0,0.0,0.0,0.0,0.0,1.0,0.0,0.0,0.0,0.0,0.0,0.0,1.0,0.0,0.0,0.0,1.0,1.0,12.0,7.0,13.0,6.0,7.0,14.0,10.0,30.0,13.0,20.0,23.0,32.0,24.0,13.0,35.0,47.0,34.0,42.0,35.0,45.0,30.0,11.0,0.0
Los Lagos,10,Maullin,10108,14894.0,0,0.0,0.0,0.0,0.0,0.0,0.0,0.0,1.0,0.0,0.0,0.0,0.0,5.0,9.0,0.0,0.0,0.0,2.0,3.0,10.0,14.0,14.0,12.0,24.0,31.0,33.0,43.0,63.0,38.0,83.0,62.0,27.0,18.0,18.0,24.0,39.0,67.0,53.0,22.0,0.0
Los Lagos,10,Osorno,10301,173410.0,0,0.0,0.0,0.0,4.0,59.0,104.0,63.0,36.0,18.0,15.0,24.0,16.0,8.0,21.0,33.0,43.0,34.0,28.0,12.0,30.0,49.0,65.0,74.0,122.0,135.0,100.0,104.0,126.0,124.0,134.0,149.0,237.0,270.0,279.0,260.0,212.0,224.0,333.0,145.0,0.0
Los Lagos,10,Palena,10404,1827.0,0,0.0,0.0,0.0,0.0,0.0,0.0,0.0,0.0,0.0,0.0,0.0,0.0,0.0,0.0,0.0,0.0,0.0,0.0,0.0,0.0,0.0,0.0,0.0,0.0,0.0,0.0,0.0,0.0,0.0,0.0,0.0,0.0,0.0,0.0,0.0,0.0,0.0,0.0,0.0,0.0
Los Lagos,10,Puerto Montt,10101,269398.0,0,0.0,0.0,1.0,1.0,15.0,18.0,11.0,3.0,5.0,1.0,2.0,8.0,20.0,60.0,65.0,73.0,106.0,129.0,153.0,217.0,288.0,311.0,461.0,398.0,301.0,259.0,202.0,242.0,232.0,208.0,259.0,325.0,334.0,417.0,439.0,441.0,411.0,466.0,282.0,0.0
Los Lagos,10,Puerto Octay,10302,9192.0,0,0.0,0.0,0.0,0.0,1.0,0.0,0.0,0.0,1.0,1.0,0.0,2.0,0.0,0.0,0.0,0.0,0.0,1.0,3.0,0.0,1.0,0.0,5.0,23.0,9.0,13.0,14.0,13.0,20.0,20.0,3.0,6.0,9.0,14.0,6.0,9.0,14.0,19.0,11.0,0.0
Los Lagos,10,Puerto Varas,10109,48620.0,0,0.0,0.0,0.0,1.0,0.0,2.0,3.0,2.0,0.0,0.0,1.0,1.0,4.0,7.0,8.0,21.0,9.0,10.0,17.0,7.0,13.0,19.0,22.0,57.0,35.0,20.0,30.0,38.0,36.0,28.0,15.0,42.0,38.0,64.0,27.0,37.0,41.0,91.0,51.0,0.0
Los Lagos,10,Puqueldon,10206,4201.0,0,0.0,0.0,0.0,0.0,0.0,0.0,0.0,0.0,0.0,0.0,0.0,0.0,0.0,0.0,0.0,0.0,0.0,0.0,0.0,0.0,0.0,0.0,0.0,0.0,0.0,0.0,0.0,0.0,0.0,1.0,0.0,0.0,1.0,4.0,4.0,0.0,18.0,19.0,20.0,0.0
Los Lagos,10,Purranque,10303,21080.0,0,0.0,0.0,0.0,0.0,0.0,3.0,12.0,5.0,1.0,3.0,4.0,1.0,6.0,13.0,23.0,2.0,0.0,2.0,1.0,5.0,0.0,7.0,0.0,16.0,13.0,28.0,28.0,21.0,23.0,20.0,10.0,12.0,45.0,78.0,64.0,59.0,40.0,16.0,8.0,0.0
Los Lagos,10,Puyehue,10304,11787.0,0,0.0,0.0,0.0,0.0,1.0,1.0,1.0,1.0,1.0,1.0,2.0,0.0,1.0,0.0,1.0,1.0,2.0,0.0,0.0,3.0,4.0,2.0,3.0,6.0,4.0,11.0,15.0,12.0,2.0,4.0,5.0,17.0,37.0,9.0,26.0,21.0,9.0,6.0,0.0,0.0
Los Lagos,10,Queilen,10207,5543.0,0,0.0,0.0,0.0,0.0,0.0,0.0,0.0,0.0,0.0,0.0,0.0,0.0,0.0,0.0,0.0,0.0,0.0,0.0,0.0,0.0,0.0,0.0,0.0,0.0,0.0,0.0,0.0,0.0,0.0,1.0,0.0,0.0,0.0,1.0,10.0,14.0,10.0,8.0,7.0,0.0
Los Lagos,10,Quellon,10208,29309.0,0,0.0,0.0,0.0,0.0,0.0,0.0,0.0,0.0,0.0,0.0,0.0,0.0,0.0,0.0,0.0,0.0,1.0,3.0,0.0,1.0,0.0,1.0,1.0,0.0,0.0,0.0,0.0,1.0,0.0,0.0,0.0,0.0,1.0,26.0,36.0,11.0,9.0,3.0,5.0,0.0
Los Lagos,10,Quemchi,10209,8783.0,0,0.0,0.0,0.0,0.0,0.0,0.0,0.0,0.0,0.0,0.0,0.0,0.0,2.0,5.0,7.0,0.0,0.0,0.0,0.0,0.0,0.0,0.0,0.0,0.0,0.0,0.0,2.0,1.0,1.0,0.0,0.0,0.0,0.0,6.0,14.0,16.0,34.0,17.0,7.0,0.0
Los Lagos,10,Quinchao,10210,8298.0,0,0.0,0.0,0.0,0.0,0.0,1.0,0.0,0.0,0.0,0.0,0.0,0.0,0.0,0.0,0.0,0.0,1.0,0.0,0.0,0.0,0.0,0.0,0.0,1.0,0.0,0.0,0.0,0.0,0.0,0.0,0.0,3.0,1.0,0.0,1.0,4.0,7.0,11.0,5.0,0.0
Los Lagos,10,Rio Negro,10305,14275.0,0,0.0,0.0,0.0,0.0,0.0,2.0,3.0,0.0,5.0,7.0,4.0,4.0,5.0,4.0,4.0,0.0,2.0,1.0,2.0,3.0,3.0,1.0,2.0,6.0,7.0,7.0,9.0,11.0,5.0,9.0,31.0,36.0,67.0,39.0,23.0,18.0,15.0,19.0,6.0,0.0
Los Lagos,10,San Juan de la Costa,10306,7639.0,0,0.0,0.0,0.0,0.0,0.0,1.0,10.0,2.0,6.0,7.0,2.0,5.0,2.0,0.0,1.0,3.0,4.0,0.0,0.0,0.0,1.0,1.0,5.0,6.0,3.0,4.0,4.0,2.0,8.0,23.0,39.0,48.0,50.0,32.0,34.0,41.0,22.0,15.0,16.0,0.0
Los Lagos,10,San Pablo,10307,10553.0,0,0.0,0.0,0.0,0.0,0.0,2.0,4.0,0.0,3.0,0.0,0.0,0.0,2.0,1.0,0.0,0.0,0.0,0.0,0.0,2.0,1.0,1.0,1.0,4.0,3.0,6.0,2.0,3.0,1.0,6.0,5.0,14.0,13.0,21.0,21.0,16.0,15.0,9.0,9.0,0.0
Los Lagos,10,Desconocido Los Lagos,,,0,0.0,0.0,0.0,9.0,10.0,2.0,1.0,0.0,0.0,1.0,0.0,1.0,1.0,2.0,3.0,1.0,1.0,2.0,3.0,4.0,12.0,4.0,0.0,0.0,0.0,0.0,0.0,1.0,2.0,1.0,1.0,2.0,0.0,0.0,2.0,0.0,0.0,0.0,11.0,0.0
Los Lagos,10,Total,,891440.0,0.0,0.0,0.0,1.0,15.0,92.0,144.0,118.0,60.0,44.0,37.0,61.0,67.0,83.0,137.0,155.0,156.0,197.0,254.0,312.0,411.0,477.0,496.0,710.0,795.0,688.0,623.0,567.0,617.0,609.0,650.0,716.0,971.0,1130.0,1290.0,1381.0,1375.0,1482.0,1538.0,900.0,0.0
,,,,,,,,,,,,,,,,,,,,,,,,,,,,,,,,,,,,,,,,,,,,,
Aysen,11,Aysen,11201,25002.0,0,0.0,0.0,0.0,1.0,0.0,0.0,0.0,0.0,0.0,0.0,0.0,0.0,0.0,1.0,2.0,0.0,2.0,5.0,3.0,3.0,11.0,9.0,5.0,5.0,8.0,4.0,2.0,0.0,6.0,2.0,6.0,8.0,2.0,4.0,7.0,6.0,10.0,15.0,6.0,0.0
Aysen,11,Chile Chico,11401,5121.0,0,0.0,0.0,0.0,0.0,0.0,0.0,1.0,0.0,0.0,0.0,0.0,0.0,0.0,0.0,0.0,0.0,0.0,0.0,0.0,0.0,0.0,0.0,0.0,0.0,0.0,0.0,0.0,0.0,0.0,0.0,2.0,1.0,1.0,4.0,12.0,10.0,4.0,6.0,0.0,0.0
Aysen,11,Cisnes,11202,5828.0,0,0.0,0.0,0.0,0.0,0.0,0.0,0.0,0.0,0.0,0.0,0.0,0.0,0.0,0.0,0.0,0.0,0.0,0.0,0.0,0.0,0.0,0.0,0.0,0.0,0.0,0.0,0.0,0.0,0.0,0.0,0.0,0.0,0.0,1.0,13.0,20.0,8.0,0.0,0.0,0.0
Aysen,11,Cochrane,11301,3685.0,0,0.0,0.0,0.0,0.0,0.0,0.0,0.0,0.0,0.0,0.0,0.0,0.0,0.0,0.0,0.0,0.0,0.0,0.0,0.0,0.0,0.0,0.0,0.0,0.0,0.0,0.0,0.0,0.0,0.0,0.0,0.0,0.0,0.0,0.0,0.0,0.0,1.0,0.0,0.0,0.0
Aysen,11,Coyhaique,11101,61210.0,0,0.0,0.0,0.0,1.0,0.0,0.0,1.0,0.0,0.0,0.0,0.0,1.0,0.0,4.0,3.0,3.0,2.0,4.0,9.0,0.0,2.0,0.0,2.0,4.0,1.0,1.0,10.0,17.0,15.0,48.0,100.0,199.0,148.0,161.0,136.0,48.0,57.0,40.0,19.0,0.0
Aysen,11,Guaitecas,11203,1599.0,0,0.0,0.0,0.0,0.0,0.0,0.0,0.0,0.0,0.0,0.0,0.0,0.0,0.0,0.0,0.0,0.0,0.0,0.0,0.0,0.0,0.0,0.0,0.0,0.0,1.0,0.0,0.0,0.0,0.0,0.0,0.0,0.0,1.0,0.0,0.0,0.0,0.0,0.0,1.0,0.0
Aysen,11,Lago Verde,11102,920.0,0,0.0,0.0,0.0,0.0,0.0,0.0,0.0,0.0,0.0,0.0,0.0,0.0,0.0,0.0,0.0,0.0,0.0,0.0,0.0,0.0,0.0,0.0,0.0,0.0,0.0,0.0,0.0,0.0,0.0,0.0,0.0,0.0,0.0,0.0,0.0,0.0,0.0,0.0,0.0,0.0
Aysen,11,OHiggins,11302,661.0,0,0.0,0.0,0.0,0.0,0.0,0.0,0.0,0.0,0.0,0.0,0.0,0.0,0.0,0.0,0.0,0.0,0.0,0.0,0.0,0.0,0.0,0.0,0.0,0.0,0.0,0.0,0.0,0.0,0.0,0.0,0.0,0.0,0.0,0.0,0.0,0.0,0.0,0.0,0.0,0.0
Aysen,11,Rio Ibanez,11402,2699.0,0,0.0,0.0,0.0,0.0,0.0,0.0,0.0,0.0,0.0,0.0,0.0,0.0,0.0,0.0,0.0,0.0,0.0,0.0,0.0,0.0,0.0,0.0,0.0,0.0,0.0,0.0,0.0,0.0,0.0,0.0,0.0,2.0,3.0,3.0,0.0,0.0,0.0,0.0,0.0,0.0
Aysen,11,Tortel,11303,572.0,0,0.0,0.0,0.0,0.0,0.0,0.0,0.0,0.0,0.0,0.0,0.0,0.0,0.0,0.0,0.0,0.0,0.0,0.0,0.0,0.0,0.0,0.0,0.0,0.0,0.0,0.0,0.0,0.0,0.0,0.0,0.0,0.0,0.0,0.0,0.0,0.0,0.0,0.0,0.0,0.0
Aysen,11,Desconocido Aysen,,,0,0.0,0.0,0.0,1.0,0.0,0.0,0.0,0.0,0.0,0.0,0.0,0.0,0.0,0.0,0.0,0.0,0.0,0.0,0.0,0.0,0.0,0.0,0.0,0.0,0.0,0.0,0.0,0.0,0.0,0.0,0.0,0.0,0.0,0.0,0.0,0.0,0.0,0.0,0.0,0.0
Aysen,11,Total,,107297.0,0.0,0.0,0.0,0.0,3.0,0.0,0.0,2.0,0.0,0.0,0.0,0.0,1.0,0.0,5.0,5.0,3.0,4.0,9.0,12.0,3.0,13.0,9.0,7.0,9.0,10.0,5.0,12.0,17.0,21.0,50.0,108.0,210.0,155.0,173.0,168.0,84.0,80.0,61.0,26.0,0.0
,,,,,,,,,,,,,,,,,,,,,,,,,,,,,,,,,,,,,,,,,,,,,
Magallanes y la Antartica,12,Antartica,12202,137.0,0,0.0,0.0,0.0,0.0,0.0,0.0,0.0,0.0,0.0,0.0,0.0,0.0,0.0,0.0,0.0,0.0,0.0,0.0,0.0,0.0,0.0,0.0,0.0,0.0,0.0,0.0,0.0,0.0,0.0,0.0,0.0,0.0,0.0,0.0,0.0,0.0,0.0,0.0,0.0,0.0
Magallanes y la Antartica,12,Cabo de Hornos,12201,1983.0,0,0.0,0.0,0.0,2.0,6.0,4.0,1.0,6.0,0.0,0.0,0.0,1.0,0.0,1.0,0.0,0.0,0.0,0.0,1.0,0.0,0.0,0.0,0.0,0.0,0.0,1.0,4.0,1.0,4.0,0.0,0.0,0.0,1.0,17.0,4.0,0.0,4.0,4.0,2.0,0.0
Magallanes y la Antartica,12,Laguna Blanca,12102,264.0,0,0.0,0.0,0.0,0.0,0.0,0.0,0.0,0.0,0.0,0.0,0.0,0.0,0.0,0.0,0.0,0.0,0.0,0.0,0.0,0.0,0.0,0.0,0.0,0.0,0.0,0.0,0.0,0.0,0.0,0.0,1.0,5.0,0.0,2.0,1.0,0.0,0.0,0.0,0.0,0.0
Magallanes y la Antartica,12,Natales,12401,23782.0,0,0.0,0.0,0.0,2.0,4.0,3.0,2.0,1.0,1.0,0.0,3.0,0.0,3.0,3.0,1.0,0.0,1.0,5.0,18.0,7.0,3.0,2.0,2.0,1.0,4.0,5.0,11.0,38.0,108.0,189.0,175.0,171.0,181.0,211.0,190.0,223.0,230.0,115.0,62.0,0.0
Magallanes y la Antartica,12,Porvenir,12301,7323.0,0,0.0,0.0,0.0,0.0,0.0,3.0,1.0,2.0,2.0,0.0,0.0,1.0,0.0,0.0,0.0,1.0,0.0,0.0,0.0,0.0,0.0,0.0,0.0,0.0,8.0,13.0,37.0,21.0,46.0,46.0,55.0,75.0,61.0,63.0,25.0,23.0,24.0,12.0,7.0,0.0
Magallanes y la Antartica,12,Primavera,12302,694.0,0,0.0,0.0,0.0,0.0,0.0,0.0,0.0,1.0,0.0,0.0,0.0,0.0,0.0,0.0,0.0,0.0,0.0,0.0,0.0,0.0,0.0,0.0,0.0,0.0,2.0,0.0,3.0,1.0,5.0,1.0,1.0,0.0,1.0,1.0,1.0,0.0,0.0,0.0,0.0,0.0
Magallanes y la Antartica,12,Punta Arenas,12101,141984.0,0,0.0,0.0,2.0,5.0,66.0,122.0,148.0,156.0,134.0,85.0,109.0,84.0,55.0,50.0,24.0,35.0,122.0,85.0,66.0,50.0,78.0,62.0,112.0,168.0,258.0,361.0,607.0,892.0,1098.0,1059.0,1060.0,1314.0,1086.0,636.0,417.0,410.0,408.0,373.0,223.0,0.0
Magallanes y la Antartica,12,Rio Verde,12103,211.0,0,0.0,0.0,0.0,0.0,0.0,0.0,0.0,0.0,0.0,0.0,0.0,0.0,0.0,0.0,0.0,0.0,0.0,0.0,0.0,0.0,0.0,0.0,0.0,0.0,0.0,0.0,0.0,0.0,1.0,0.0,0.0,1.0,0.0,0.0,0.0,0.0,0.0,1.0,0.0,0.0
Magallanes y la Antartica,12,San Gregorio,12104,681.0,0,0.0,0.0,0.0,0.0,0.0,0.0,0.0,0.0,0.0,0.0,0.0,2.0,0.0,0.0,0.0,0.0,0.0,0.0,0.0,0.0,0.0,0.0,0.0,0.0,0.0,0.0,0.0,0.0,0.0,0.0,3.0,5.0,4.0,5.0,0.0,1.0,3.0,3.0,3.0,0.0
Magallanes y la Antartica,12,Timaukel,12303,282.0,0,0.0,0.0,0.0,0.0,0.0,0.0,0.0,0.0,0.0,0.0,0.0,0.0,0.0,0.0,0.0,0.0,0.0,0.0,0.0,0.0,0.0,0.0,0.0,0.0,0.0,0.0,0.0,0.0,0.0,0.0,5.0,5.0,2.0,1.0,6.0,1.0,0.0,0.0,0.0,0.0
Magallanes y la Antartica,12,Torres del Paine,12402,1021.0,0,0.0,0.0,0.0,0.0,0.0,0.0,0.0,0.0,0.0,0.0,0.0,0.0,0.0,0.0,0.0,0.0,0.0,0.0,0.0,0.0,0.0,0.0,0.0,0.0,0.0,0.0,0.0,0.0,0.0,0.0,2.0,0.0,0.0,0.0,0.0,0.0,0.0,1.0,0.0,0.0
Magallanes y la Antartica,12,Desconocido Magallanes,,,0,0.0,0.0,0.0,0.0,0.0,0.0,0.0,0.0,0.0,0.0,0.0,0.0,0.0,0.0,0.0,0.0,1.0,0.0,0.0,1.0,0.0,0.0,1.0,0.0,0.0,0.0,5.0,0.0,5.0,7.0,4.0,2.0,0.0,1.0,2.0,0.0,0.0,0.0,3.0,0.0
Magallanes y la Antartica,12,Total,,178362.0,0.0,0.0,0.0,2.0,9.0,76.0,132.0,152.0,166.0,137.0,85.0,112.0,88.0,58.0,54.0,25.0,36.0,124.0,90.0,85.0,58.0,81.0,64.0,115.0,169.0,272.0,380.0,667.0,953.0,1267.0,1302.0,1306.0,1578.0,1336.0,937.0,646.0,658.0,669.0,509.0,300.0,0.0
